datetime,open,high,low,close,volume
2022-12-14 13:00:00,27.8,27.8,27.5,27.6,10091424.64130227
2022-12-14 17:00:00,27.6,27.7,27.4,27.7,14412312.49213706
2022-12-14 21:00:00,27.7,27.8,27.5,27.7,14738926.97199287
2022-12-15 01:00:00,27.7,27.9,27.0,27.3,16403475.17800332
2022-12-15 05:00:00,27.3,27.5,27.2,27.3,5386973.39790918
2022-12-15 09:00:00,27.4,27.5,26.6,27.0,18782639.65908852
2022-12-15 13:00:00,27.0,27.1,26.8,27.0,7964378.40806884
2022-12-15 17:00:00,27.0,27.2,26.9,27.1,5636822.92822658
2022-12-15 21:00:00,27.1,27.2,26.9,27.2,5110889.64810614
2022-12-16 01:00:00,27.1,27.2,26.9,27.1,1077282.17936466
2022-12-16 05:00:00,27.1,27.1,26.8,26.9,3643481.00329553
2022-12-16 09:00:00,26.9,27.0,26.8,26.8,4405840.26842186
2022-12-16 13:00:00,26.8,27.0,26.7,27.0,6627574.78577192
2022-12-16 17:00:00,26.9,27.0,25.8,26.2,24978806.21241967
2022-12-16 21:00:00,26.1,26.3,25.8,26.1,4728987.9213911
2022-12-17 01:00:00,26.1,26.1,25.6,25.9,6445606.39915043
2022-12-17 05:00:00,26.0,26.1,24.1,24.6,24937245.20636943
2022-12-17 09:00:00,24.6,24.7,23.0,23.9,42135300.76712841
2022-12-17 13:00:00,23.9,24.2,23.7,24.2,4969453.93852509
2022-12-17 17:00:00,24.2,24.4,24.1,24.1,1756063.48548385
2022-12-17 21:00:00,24.2,24.3,23.9,23.9,2876425.38737251
2022-12-18 01:00:00,24.0,24.1,23.8,23.9,1542419.4065527
2022-12-18 05:00:00,23.9,24.4,23.8,24.4,7417957.82208996
2022-12-18 09:00:00,24.4,24.4,24.1,24.2,3121318.1344106
2022-12-18 13:00:00,24.3,24.4,24.1,24.2,3331257.8682364
2022-12-18 17:00:00,24.2,24.3,23.9,24.0,12371721.32135194
2022-12-18 21:00:00,24.0,24.2,23.9,24.0,2080572.63797886
2022-12-19 01:00:00,23.9,24.3,23.9,24.2,2616125.10897825
2022-12-19 05:00:00,24.1,24.4,24.0,24.1,6459050.9401159
2022-12-19 09:00:00,24.2,24.4,23.5,23.7,17127516.14977835
2022-12-19 13:00:00,23.6,23.8,23.5,23.5,6938807.85522671
2022-12-19 17:00:00,23.5,23.9,23.5,23.7,5896409.3616738
2022-12-19 21:00:00,23.8,23.8,23.6,23.6,3176435.40336168
2022-12-20 01:00:00,23.5,23.6,22.5,22.7,10924340.75832788
2022-12-20 05:00:00,22.7,22.8,21.8,22.3,19345195.37695323
2022-12-20 09:00:00,22.2,22.9,22.1,22.6,14373005.96981116
2022-12-20 13:00:00,22.6,23.1,22.5,23.0,23685762.07556179
2022-12-20 17:00:00,23.0,23.1,22.7,23.0,15731707.52461528
2022-12-20 21:00:00,23.0,23.3,22.7,23.1,6132526.82164884
2022-12-21 01:00:00,23.0,23.5,22.9,23.2,2751666.96536559
2022-12-21 05:00:00,23.3,23.5,23.0,23.4,2447035.60967788
2022-12-21 09:00:00,23.4,23.4,22.6,22.7,20451931.96100942
2022-12-21 13:00:00,22.8,23.1,22.5,22.8,30183205.54495874
2022-12-21 17:00:00,22.9,23.1,22.7,22.9,20841393.61120744
2022-12-21 21:00:00,22.9,23.1,22.8,22.9,15249154.36340079
2022-12-22 01:00:00,23.0,23.0,22.6,22.6,3314629.6034122
2022-12-22 05:00:00,22.7,22.9,22.7,22.9,5425968.96324429
2022-12-22 09:00:00,22.9,23.0,22.7,22.8,12446156.16188925
2022-12-22 13:00:00,22.8,22.9,22.5,22.7,10667011.98230908
2022-12-22 17:00:00,22.7,22.9,22.6,22.7,9047895.63636088
2022-12-22 21:00:00,22.8,22.9,22.2,22.3,11794414.6860249
2022-12-23 01:00:00,22.3,22.4,22.2,22.4,5299184.16526158
2022-12-23 05:00:00,22.5,22.9,22.4,22.8,7135895.0256759
2022-12-23 09:00:00,22.8,22.9,22.6,22.8,9985693.25059317
2022-12-23 13:00:00,22.9,22.9,22.6,22.8,6249845.89218183
2022-12-23 17:00:00,22.7,23.3,22.6,23.0,19339336.8485784
2022-12-23 21:00:00,23.0,23.0,22.8,23.0,7337683.58573957
2022-12-24 01:00:00,22.9,23.0,22.8,23.0,1818480.17648409
2022-12-24 05:00:00,23.0,23.1,22.8,23.1,3126638.48435236
2022-12-24 09:00:00,23.1,23.1,22.8,22.9,12162841.50425539
2022-12-24 13:00:00,22.9,23.0,22.7,22.8,8374575.06969535
2022-12-24 17:00:00,22.8,22.9,22.7,22.8,7198354.7558606
2022-12-24 21:00:00,22.9,22.9,22.7,22.8,4335017.08568657
2022-12-25 01:00:00,22.9,22.9,22.8,22.9,1100536.66760266
2022-12-25 05:00:00,22.9,23.0,22.8,22.9,1588603.02170712
2022-12-25 09:00:00,22.9,23.6,22.7,22.8,45262778.51479938
2022-12-25 13:00:00,22.8,22.9,22.6,22.8,9459715.1966593
2022-12-25 17:00:00,22.7,22.8,22.4,22.5,7477361.77538976
2022-12-25 21:00:00,22.5,22.6,22.2,22.4,6483721.28743389
2022-12-26 01:00:00,22.3,22.4,22.1,22.2,4604388.78885244
2022-12-26 05:00:00,22.2,22.4,22.2,22.4,5067791.2727789
2022-12-26 09:00:00,22.3,22.4,22.1,22.3,7435552.4500277
2022-12-26 13:00:00,22.3,22.3,21.8,21.8,10168787.33306062
2022-12-26 17:00:00,21.9,21.9,21.5,21.8,11931554.92956612
2022-12-26 21:00:00,21.7,21.9,21.6,21.9,2551344.2322963
2022-12-27 01:00:00,21.8,21.9,21.7,21.7,1687060.13731363
2022-12-27 05:00:00,21.8,21.9,21.4,21.7,13270682.32432539
2022-12-27 09:00:00,21.7,22.5,21.4,21.4,60669089.41008597
2022-12-27 13:00:00,21.4,21.5,21.2,21.3,10183236.21666919
2022-12-27 17:00:00,21.4,21.6,21.3,21.4,6012083.84950166
2022-12-27 21:00:00,21.4,21.5,20.8,21.0,21155447.60550604
2022-12-28 01:00:00,20.9,21.1,20.7,21.0,5027079.01437745
2022-12-28 05:00:00,21.0,21.1,20.9,21.1,4963500.07892193
2022-12-28 09:00:00,21.1,21.2,19.9,20.2,32114441.98033443
2022-12-28 13:00:00,20.2,20.3,19.5,19.9,24080244.31921572
2022-12-28 17:00:00,19.9,19.9,19.7,19.8,9842970.79671322
2022-12-28 21:00:00,19.9,20.2,19.7,19.9,7091329.39962159
2022-12-29 01:00:00,19.8,19.9,19.6,19.8,4477548.30663439
2022-12-29 05:00:00,19.8,19.8,19.3,19.5,12291495.5447833
2022-12-29 09:00:00,19.4,19.6,18.7,19.1,33846866.73178456
2022-12-29 13:00:00,19.1,19.1,18.8,19.1,10655780.50726923
2022-12-29 17:00:00,19.1,19.4,18.9,19.2,15132708.16922094
2022-12-29 21:00:00,19.3,19.3,19.0,19.2,13979634.55597858
2022-12-30 01:00:00,19.1,19.3,19.0,19.0,3597291.64013829
2022-12-30 05:00:00,19.0,19.3,18.7,19.1,12595068.97325882
2022-12-30 09:00:00,19.1,19.3,18.9,19.2,12882413.91248652
2022-12-30 13:00:00,19.2,19.2,18.5,18.6,20961492.92425838
2022-12-30 17:00:00,18.6,19.0,18.6,18.9,7885027.45355261
2022-12-30 21:00:00,18.9,19.9,18.7,19.5,43406898.91397309
2022-12-31 01:00:00,19.6,19.7,19.1,19.2,32279255.42629823
2022-12-31 05:00:00,19.2,19.5,19.2,19.5,15450904.48659425
2022-12-31 09:00:00,19.4,19.6,19.3,19.5,12351786.88318632
2022-12-31 13:00:00,19.5,19.5,19.3,19.3,7225081.84877455
2022-12-31 17:00:00,19.3,19.7,19.2,19.5,11500523.2774574
2022-12-31 21:00:00,19.6,19.7,19.5,19.6,7809187.01248932
2023-01-01 01:00:00,19.6,19.7,19.5,19.7,1372646.85857861
2023-01-01 05:00:00,19.6,19.6,19.5,19.6,3188978.73750098
2023-01-01 09:00:00,19.6,19.7,19.4,19.6,6465769.04849307
2023-01-01 13:00:00,19.7,19.8,19.5,19.6,7274593.75197626
2023-01-01 17:00:00,19.6,19.8,19.6,19.7,5418733.01115576
2023-01-01 21:00:00,19.7,20.0,19.6,19.7,6352563.29034858
2023-01-02 01:00:00,19.7,19.8,19.7,19.8,1105730.31664958
2023-01-02 05:00:00,19.8,20.1,19.8,19.8,5168545.67795858
2023-01-02 09:00:00,19.9,20.2,19.5,20.1,23304610.20535155
2023-01-02 13:00:00,20.0,20.6,19.8,20.5,23609731.06915097
2023-01-02 17:00:00,20.5,20.5,20.0,20.1,12296370.15954453
2023-01-02 21:00:00,20.2,20.3,20.0,20.3,7239875.2197951
2023-01-03 01:00:00,20.3,20.5,20.2,20.5,2389401.13675721
2023-01-03 05:00:00,20.4,20.4,20.1,20.2,3245369.91322299
2023-01-03 09:00:00,20.2,20.4,20.1,20.3,8382566.194078
2023-01-03 13:00:00,20.3,20.4,20.2,20.3,3822087.82644184
2023-01-03 17:00:00,20.4,20.5,20.2,20.3,5789900.05846411
2023-01-03 21:00:00,20.4,20.4,20.1,20.3,3612111.13061783
2023-01-04 01:00:00,20.3,20.3,20.1,20.2,2441542.07867902
2023-01-04 05:00:00,20.2,20.3,20.1,20.2,3076521.13506238
2023-01-04 09:00:00,20.2,21.0,20.2,21.0,21329727.65837455
2023-01-04 13:00:00,21.0,21.3,20.8,21.2,15105662.4409223
2023-01-04 17:00:00,21.3,21.3,20.8,21.0,17905720.8447523
2023-01-04 21:00:00,21.1,21.2,20.7,21.0,14086170.42106321
2023-01-05 01:00:00,21.0,21.3,20.9,21.0,8128078.37030398
2023-01-05 05:00:00,21.0,21.1,20.7,20.9,4306879.82463583
2023-01-05 09:00:00,20.9,21.3,20.8,21.0,24606248.61722321
2023-01-05 13:00:00,21.1,21.2,20.8,20.9,8877833.63226932
2023-01-05 17:00:00,20.9,21.1,20.5,20.9,17263654.51521264
2023-01-05 21:00:00,20.8,20.9,20.5,20.7,7975331.26671138
2023-01-06 01:00:00,20.8,20.8,20.6,20.8,2087097.31081265
2023-01-06 05:00:00,20.8,20.8,20.6,20.7,3016278.46638718
2023-01-06 09:00:00,20.7,21.2,20.7,20.8,11996763.67366785
2023-01-06 13:00:00,20.8,20.8,20.1,20.3,23335682.35106192
2023-01-06 17:00:00,20.3,20.4,20.0,20.2,7727349.45926042
2023-01-06 21:00:00,20.1,20.4,19.9,20.3,8045442.43602191
2023-01-07 01:00:00,20.5,21.5,20.3,21.0,15167595.0352074
2023-01-07 05:00:00,21.0,21.2,20.8,21.0,5484560.94031273
2023-01-07 09:00:00,21.1,21.3,21.0,21.1,12977451.97576706
2023-01-07 13:00:00,21.1,21.3,20.9,21.0,6239203.54668789
2023-01-07 17:00:00,21.0,21.2,21.0,21.1,2266888.11914279
2023-01-07 21:00:00,21.0,21.1,20.9,21.0,3270354.81608948
2023-01-08 01:00:00,21.0,21.0,20.8,21.0,2228602.6043096
2023-01-08 05:00:00,21.0,21.0,20.8,20.9,1152896.95941843
2023-01-08 09:00:00,20.9,21.0,20.5,20.8,5998513.50424605
2023-01-08 13:00:00,20.7,20.9,20.7,20.8,1477056.77587282
2023-01-08 17:00:00,20.8,21.2,20.7,21.0,4304318.69622371
2023-01-08 21:00:00,21.0,21.7,21.0,21.6,17661596.77413114
2023-01-09 01:00:00,21.7,24.6,21.3,23.8,271021452.95778906
2023-01-09 05:00:00,23.7,25.7,22.8,24.0,338414616.6692227
2023-01-09 09:00:00,24.0,24.7,23.3,24.4,206140920.14047343
2023-01-09 13:00:00,24.4,25.2,23.8,25.1,144184708.74079373
2023-01-09 17:00:00,25.1,26.2,24.8,24.8,387672275.8723835
2023-01-09 21:00:00,24.9,28.3,24.3,26.8,681315120.6047097
2023-01-10 01:00:00,26.7,27.2,25.4,26.2,138578711.87827185
2023-01-10 05:00:00,26.1,26.4,25.0,25.0,47007327.82073702
2023-01-10 09:00:00,25.0,27.0,24.7,25.2,356078284.9676732
2023-01-10 13:00:00,25.2,25.9,25.1,25.3,52414239.04950816
2023-01-10 17:00:00,25.3,25.8,25.1,25.1,47518038.2562693
2023-01-10 21:00:00,25.1,25.9,24.9,25.6,58546485.03546044
2023-01-11 01:00:00,25.5,25.7,24.9,25.3,18484501.06117261
2023-01-11 05:00:00,25.2,25.7,25.1,25.4,12396601.34194779
2023-01-11 09:00:00,25.4,25.5,24.5,24.5,40940053.05679042
2023-01-11 13:00:00,24.6,24.8,24.2,24.5,26568366.55890918
2023-01-11 17:00:00,24.4,24.5,24.2,24.3,24163434.70486541
2023-01-11 21:00:00,24.3,24.4,23.9,24.0,25198222.51382268
2023-01-12 01:00:00,24.0,24.4,23.9,24.3,4429051.68227159
2023-01-12 05:00:00,24.3,24.6,23.9,24.5,33593540.50057667
2023-01-12 09:00:00,24.5,25.1,24.4,24.8,72122786.50642832
2023-01-12 13:00:00,24.7,24.8,24.2,24.3,25401466.8589352
2023-01-12 17:00:00,24.4,24.5,23.9,24.1,19787529.76949697
2023-01-12 21:00:00,24.1,24.8,23.6,24.3,35307524.35977033
2023-01-13 01:00:00,24.3,25.4,24.2,25.1,40130971.86599023
2023-01-13 05:00:00,25.1,26.1,25.1,25.3,37488998.30298961
2023-01-13 09:00:00,25.3,27.0,25.3,26.1,231648136.43720385
2023-01-13 13:00:00,26.2,29.2,26.0,28.8,497920584.556249
2023-01-13 17:00:00,28.8,28.8,26.9,27.2,366359752.695222
2023-01-13 21:00:00,27.1,27.2,26.5,26.9,65836422.78751679
2023-01-14 01:00:00,26.9,27.1,26.6,26.9,30005912.92576069
2023-01-14 05:00:00,26.9,27.3,26.8,27.1,84127139.88323425
2023-01-14 09:00:00,27.1,28.0,27.0,27.6,147283239.8903286
2023-01-14 13:00:00,27.7,30.9,27.5,29.6,261812968.97816727
2023-01-14 17:00:00,29.6,31.0,26.0,28.4,256894874.94466183
2023-01-14 21:00:00,28.4,29.3,28.1,28.5,77853727.24609557
2023-01-15 01:00:00,28.5,28.7,27.9,28.2,15946698.05995726
2023-01-15 05:00:00,28.2,28.6,28.0,28.5,26261952.99631298
2023-01-15 09:00:00,28.6,28.8,27.6,28.1,68111071.05704498
2023-01-15 13:00:00,28.1,28.4,27.5,27.8,43827105.56955691
2023-01-15 17:00:00,27.9,27.9,26.9,27.8,36103248.92029324
2023-01-15 21:00:00,27.9,29.1,27.6,29.0,33961331.53340147
2023-01-16 01:00:00,29.0,29.0,28.0,28.4,12540684.78300291
2023-01-16 05:00:00,28.4,28.7,28.2,28.6,15906224.09152935
2023-01-16 09:00:00,28.6,29.6,28.1,29.1,61965695.84691255
2023-01-16 13:00:00,29.1,31.3,28.9,29.4,369323954.3601256
2023-01-16 17:00:00,29.4,29.6,27.6,28.2,111157999.20108452
2023-01-16 21:00:00,28.2,28.3,27.4,28.3,26305080.48478594
2023-01-17 01:00:00,28.4,28.7,28.0,28.6,7678501.28446488
2023-01-17 05:00:00,28.6,28.7,28.0,28.3,20659802.70794525
2023-01-17 09:00:00,28.3,30.0,28.1,28.9,233940570.45548004
2023-01-17 13:00:00,29.0,29.1,28.6,28.9,65331928.92383493
2023-01-17 17:00:00,28.9,29.8,28.7,29.2,68115234.15068384
2023-01-17 21:00:00,29.3,30.9,29.1,29.2,259910697.6047313
2023-01-18 01:00:00,29.2,29.5,28.9,29.5,14671541.64139291
2023-01-18 05:00:00,29.5,29.6,28.6,28.7,29976967.74532671
2023-01-18 09:00:00,28.8,31.0,28.5,29.2,102021184.07842807
2023-01-18 13:00:00,29.2,30.6,29.0,29.5,126011695.96671487
2023-01-18 17:00:00,29.6,32.3,29.1,29.5,576415437.6444594
2023-01-18 21:00:00,29.5,30.0,27.5,28.2,112253896.8329648
2023-01-19 01:00:00,28.2,28.2,26.2,27.5,78712175.19167602
2023-01-19 05:00:00,27.5,27.7,26.3,26.8,39056186.07234805
2023-01-19 09:00:00,26.8,27.7,26.7,27.6,38062369.83159307
2023-01-19 13:00:00,27.6,28.5,27.4,28.1,77534194.59017439
2023-01-19 17:00:00,28.2,28.4,27.4,27.5,39900389.99408819
2023-01-19 21:00:00,27.6,28.4,27.2,27.9,63325437.36315826
2023-01-20 01:00:00,27.9,28.4,27.5,28.0,14312133.0696188
2023-01-20 05:00:00,28.2,28.3,27.9,28.2,9102146.60172712
2023-01-20 09:00:00,28.2,29.5,27.9,29.5,102402696.66470014
2023-01-20 13:00:00,29.4,29.5,28.4,28.7,56373402.63063658
2023-01-20 17:00:00,28.8,30.3,28.5,30.2,104372912.83808812
2023-01-20 21:00:00,30.2,30.3,28.7,28.9,85445606.13159177
2023-01-21 01:00:00,29.0,29.3,28.7,29.0,39057212.59653048
2023-01-21 05:00:00,29.0,30.1,29.0,29.9,75955493.8252259
2023-01-21 09:00:00,30.0,31.3,29.7,30.3,193259411.7097964
2023-01-21 13:00:00,30.3,31.4,30.1,31.0,67745212.26565985
2023-01-21 17:00:00,31.0,31.2,29.6,30.6,59227188.79024305
2023-01-21 21:00:00,30.6,32.1,30.3,30.4,240841360.21603924
2023-01-22 01:00:00,30.4,30.9,30.4,30.7,15795639.75447725
2023-01-22 05:00:00,30.7,31.0,30.0,30.0,24465758.3537013
2023-01-22 09:00:00,30.0,30.6,29.9,30.2,23899958.24597786
2023-01-22 13:00:00,30.2,30.7,30.2,30.5,33865382.22269628
2023-01-22 17:00:00,30.5,31.2,30.4,30.8,45789085.49186079
2023-01-22 21:00:00,30.8,31.6,30.3,31.2,71233357.08821844
2023-01-23 01:00:00,31.2,31.6,30.7,30.9,24063755.92338797
2023-01-23 05:00:00,30.9,30.9,29.6,30.5,35219368.95371355
2023-01-23 09:00:00,30.5,31.8,30.4,31.2,54456861.18517418
2023-01-23 13:00:00,31.1,31.5,30.8,30.9,39297715.0052033
2023-01-23 17:00:00,30.9,31.8,30.7,31.7,37778020.07364534
2023-01-23 21:00:00,31.7,31.7,30.4,31.2,49501342.39388941
2023-01-24 01:00:00,31.1,33.0,31.1,31.9,102668253.52162836
2023-01-24 05:00:00,32.0,34.0,31.8,33.3,245404079.2335764
2023-01-24 09:00:00,33.3,33.3,32.3,32.9,152511991.34262037
2023-01-24 13:00:00,33.0,33.9,32.8,32.9,67277629.62003808
2023-01-24 17:00:00,32.9,33.0,32.0,32.5,63229484.20368811
2023-01-24 21:00:00,32.5,33.6,32.2,32.9,105635991.84309798
2023-01-25 01:00:00,32.9,37.2,32.3,37.1,189145416.39097345
2023-01-25 05:00:00,37.1,39.6,33.3,33.8,888945294.6894131
2023-01-25 09:00:00,33.8,34.6,32.2,34.4,201741939.49302945
2023-01-25 13:00:00,34.4,39.0,33.9,34.7,576546061.1181903
2023-01-25 17:00:00,34.7,35.2,33.0,33.2,91557598.5651332
2023-01-25 21:00:00,33.1,34.2,32.6,33.1,117092893.75560026
2023-01-26 01:00:00,33.1,36.2,33.0,33.9,113917102.0051767
2023-01-26 05:00:00,34.0,35.2,33.8,34.6,63258854.00856703
2023-01-26 09:00:00,34.6,36.1,34.5,34.8,172653755.52949524
2023-01-26 13:00:00,34.8,35.9,34.7,35.0,115442433.16844854
2023-01-26 17:00:00,35.0,35.5,34.4,34.7,75158279.54483265
2023-01-26 21:00:00,34.7,35.2,34.2,34.4,58189356.39470761
2023-01-27 01:00:00,34.4,35.2,34.1,34.7,18158871.78940884
2023-01-27 05:00:00,34.7,35.0,34.4,35.0,21574323.71628109
2023-01-27 09:00:00,35.0,35.3,33.4,33.7,85904831.93868522
2023-01-27 13:00:00,33.7,34.7,33.7,34.6,49907417.34839016
2023-01-27 17:00:00,34.6,36.2,33.9,34.3,164725985.12075707
2023-01-27 21:00:00,34.2,34.9,33.7,34.5,49884290.57935904
2023-01-28 01:00:00,34.4,34.9,34.3,34.7,24560485.81761397
2023-01-28 05:00:00,34.7,35.3,34.3,35.2,40477055.34095791
2023-01-28 09:00:00,35.2,36.5,34.9,35.4,182577232.0696289
2023-01-28 13:00:00,35.4,35.5,34.5,34.8,28613417.1238295
2023-01-28 17:00:00,34.8,35.1,34.6,34.9,13263082.17467188
2023-01-28 21:00:00,34.8,34.9,33.7,34.6,35083683.93252771
2023-01-29 01:00:00,34.6,34.8,34.3,34.5,4882535.86706209
2023-01-29 05:00:00,34.4,34.5,34.0,34.5,7975598.2828961
2023-01-29 09:00:00,34.4,34.7,33.8,34.3,31723327.0306934
2023-01-29 13:00:00,34.2,34.3,34.0,34.3,13111021.21981139
2023-01-29 17:00:00,34.3,34.4,33.9,34.2,17273245.69554371
2023-01-29 21:00:00,34.2,34.5,34.2,34.4,21251227.20228813
2023-01-30 01:00:00,34.4,34.6,34.2,34.4,8560122.00066458
2023-01-30 05:00:00,34.4,34.7,34.2,34.5,18027695.91053793
2023-01-30 09:00:00,34.6,34.9,33.4,34.1,41238639.40149103
2023-01-30 13:00:00,34.1,34.2,33.7,33.9,10674433.05252041
2023-01-30 17:00:00,33.9,34.0,31.8,32.1,54878540.89455028
2023-01-30 21:00:00,32.1,32.6,31.9,32.3,14773133.20938405
2023-01-31 01:00:00,32.3,32.6,30.6,31.3,16721077.28166882
2023-01-31 05:00:00,31.4,31.6,30.8,31.5,19200107.69447485
2023-01-31 09:00:00,31.6,32.0,30.9,31.6,25356505.04909385
2023-01-31 13:00:00,31.7,31.7,30.9,31.6,16675978.31051887
2023-01-31 17:00:00,31.7,32.0,31.2,31.8,25605088.16938248
2023-01-31 21:00:00,31.8,32.5,31.5,32.4,20939586.93343741
2023-02-01 01:00:00,32.2,32.5,32.2,32.5,9150872.06537508
2023-02-01 05:00:00,32.5,32.5,31.8,32.4,11546502.55377409
2023-02-01 09:00:00,32.4,32.9,32.1,32.6,19559166.37826407
2023-02-01 13:00:00,32.7,34.2,32.5,33.4,158056154.80279836
2023-02-01 17:00:00,33.3,37.0,32.6,33.7,993478630.271571
2023-02-01 21:00:00,33.7,34.2,32.8,33.4,155828532.87295583
2023-02-02 01:00:00,33.4,34.7,32.4,34.4,59263501.46395567
2023-02-02 05:00:00,34.3,35.1,34.2,35.1,61465749.19690467
2023-02-02 09:00:00,35.1,36.2,34.7,35.5,142373134.81228504
2023-02-02 13:00:00,35.5,35.7,34.9,35.0,55998693.31242278
2023-02-02 17:00:00,34.9,36.1,34.9,35.5,67836665.82317469
2023-02-02 21:00:00,35.5,35.6,34.7,35.6,50586948.08971977
2023-02-03 01:00:00,35.6,35.7,34.8,34.9,45704185.98109526
2023-02-03 05:00:00,34.9,35.2,34.0,34.5,43526751.34683476
2023-02-03 09:00:00,34.5,35.2,34.2,35.2,112554587.29845478
2023-02-03 13:00:00,35.2,35.4,34.7,34.7,44519426.5527074
2023-02-03 17:00:00,34.7,35.3,34.6,35.2,48700756.14632624
2023-02-03 21:00:00,35.2,35.4,34.5,35.3,59167183.72199962
2023-02-04 01:00:00,35.2,35.4,34.9,35.0,12194541.65204366
2023-02-04 05:00:00,35.0,36.2,34.9,36.2,43169402.94305035
2023-02-04 09:00:00,36.2,36.3,35.4,35.4,71435664.95680685
2023-02-04 13:00:00,35.4,36.5,35.3,36.0,80905615.21576972
2023-02-04 17:00:00,35.9,36.2,35.8,36.2,25097273.49828264
2023-02-04 21:00:00,36.2,37.6,35.9,36.8,65799280.5374364
2023-02-05 01:00:00,36.8,36.8,35.8,36.2,34728201.33342355
2023-02-05 05:00:00,36.2,36.7,36.1,36.7,28544093.38262061
2023-02-05 09:00:00,36.7,36.8,35.6,36.3,67993796.22064418
2023-02-05 13:00:00,36.3,36.5,36.0,36.3,27396313.72824572
2023-02-05 17:00:00,36.2,36.7,36.0,36.5,62013508.2890455
2023-02-05 21:00:00,36.6,37.5,33.9,34.9,233175221.84337607
2023-02-06 01:00:00,34.9,35.2,34.2,34.7,43523701.62194337
2023-02-06 05:00:00,34.6,35.5,34.1,35.5,31701936.89773389
2023-02-06 09:00:00,35.4,36.5,35.0,35.8,85087294.897815
2023-02-06 13:00:00,35.9,36.1,35.0,35.4,49992305.2025089
2023-02-06 17:00:00,35.4,35.6,34.7,35.2,45262040.80776245
2023-02-06 21:00:00,35.2,35.7,34.9,35.7,44306733.80390939
2023-02-07 01:00:00,35.7,39.8,35.5,37.7,315825258.74800307
2023-02-07 05:00:00,37.7,38.4,36.2,37.0,97983322.25804123
2023-02-07 09:00:00,36.8,39.2,36.2,37.8,404513929.3913192
2023-02-07 13:00:00,37.7,39.2,37.4,38.4,186966519.6746177
2023-02-07 17:00:00,38.3,41.8,37.8,39.1,800698833.2220229
2023-02-07 21:00:00,39.1,39.9,38.6,38.9,144030298.98846915
2023-02-08 01:00:00,38.9,39.8,38.4,39.3,47890066.14969982
2023-02-08 05:00:00,39.5,39.8,39.0,39.4,56113094.8159109
2023-02-08 09:00:00,39.4,43.1,39.3,41.0,582018303.4424735
2023-02-08 13:00:00,41.1,41.5,40.3,41.1,100443327.63841908
2023-02-08 17:00:00,41.1,41.4,40.1,40.3,93384885.86798853
2023-02-08 21:00:00,40.2,40.4,38.0,38.2,105273769.6784846
2023-02-09 01:00:00,38.2,38.7,37.1,38.6,44350301.11649072
2023-02-09 05:00:00,38.6,39.5,38.1,39.0,35300844.39914163
2023-02-09 09:00:00,39.0,42.4,37.8,39.9,638985308.2323587
2023-02-09 13:00:00,39.9,41.7,39.9,41.4,189054381.7339184
2023-02-09 17:00:00,41.4,45.2,41.4,42.2,922246699.4459996
2023-02-09 21:00:00,42.2,42.3,39.6,40.0,320344302.296437
2023-02-10 01:00:00,40.0,41.5,38.2,40.3,99118657.9556436
2023-02-10 05:00:00,40.3,40.6,36.6,39.9,154271860.97235852
2023-02-10 09:00:00,39.9,44.8,39.0,41.6,749386854.2901272
2023-02-10 13:00:00,41.6,42.4,40.8,41.8,173987883.61706063
2023-02-10 17:00:00,41.8,42.5,38.2,38.4,180130763.45880857
2023-02-10 21:00:00,38.4,39.9,38.0,38.7,122249854.1140512
2023-02-11 01:00:00,38.7,39.2,37.7,38.9,42960082.04527509
2023-02-11 05:00:00,38.9,39.2,38.3,39.1,32874247.88925258
2023-02-11 09:00:00,39.0,39.2,38.2,38.5,73946341.80148095
2023-02-11 13:00:00,38.5,38.6,38.0,38.4,29349244.21189506
2023-02-11 17:00:00,38.3,38.7,38.1,38.4,21083751.3474017
2023-02-11 21:00:00,38.3,38.7,38.1,38.3,25240091.24537971
2023-02-12 01:00:00,38.4,38.5,38.0,38.1,11651095.27947039
2023-02-12 05:00:00,38.1,39.3,37.9,39.0,26905823.71594656
2023-02-12 09:00:00,39.0,39.1,38.4,38.9,31174486.78314629
2023-02-12 13:00:00,38.9,39.6,38.6,39.1,40936616.0730694
2023-02-12 17:00:00,39.1,39.5,39.0,39.2,35203623.35962266
2023-02-12 21:00:00,39.2,39.4,38.5,38.8,42602822.89824332
2023-02-13 01:00:00,38.8,39.1,38.6,38.7,12643326.25661023
2023-02-13 05:00:00,38.8,38.8,37.1,37.8,35632277.61119015
2023-02-13 09:00:00,37.8,38.8,36.1,36.8,94997686.90804718
2023-02-13 13:00:00,36.7,37.3,36.5,36.7,57536251.73569208
2023-02-13 17:00:00,36.7,36.7,34.2,35.1,117508458.61261012
2023-02-13 21:00:00,35.1,35.7,35.0,35.1,29477602.3745084
2023-02-14 01:00:00,35.1,35.5,34.6,35.1,13994943.85334735
2023-02-14 05:00:00,35.3,36.4,35.2,36.3,27492862.51880508
2023-02-14 09:00:00,36.3,36.4,35.1,35.3,29851793.2535936
2023-02-14 13:00:00,35.3,35.3,34.8,35.2,16430901.89829557
2023-02-14 17:00:00,35.2,35.6,34.8,35.3,10723509.61539618
2023-02-14 21:00:00,35.3,36.8,34.6,36.1,79960693.66623977
2023-02-15 01:00:00,36.1,36.8,36.0,36.7,19113031.7535034
2023-02-15 05:00:00,36.7,37.4,36.5,37.4,25854425.47912897
2023-02-15 09:00:00,37.4,37.5,36.7,37.2,32533813.10150968
2023-02-15 13:00:00,37.3,37.4,36.9,37.0,20894669.62938538
2023-02-15 17:00:00,37.0,38.3,36.8,37.8,38449862.02414158
2023-02-15 21:00:00,37.7,38.8,37.7,38.1,70208394.28763022
2023-02-16 01:00:00,38.2,42.8,37.9,40.7,247546077.1547744
2023-02-16 05:00:00,40.7,41.9,40.3,41.7,125070275.22833544
2023-02-16 09:00:00,41.7,42.3,40.7,41.7,153754412.6137254
2023-02-16 13:00:00,41.7,41.8,40.6,40.9,82776212.887903
2023-02-16 17:00:00,40.8,41.3,40.5,40.8,53400051.33043082
2023-02-16 21:00:00,40.8,41.2,39.9,41.2,66657750.12385661
2023-02-17 01:00:00,41.2,41.5,40.4,41.0,37848189.86200133
2023-02-17 05:00:00,41.0,41.2,38.6,39.0,79249564.70474344
2023-02-17 09:00:00,39.1,40.9,38.5,40.7,71624866.8845278
2023-02-17 13:00:00,40.8,40.8,39.2,39.7,44195704.85306583
2023-02-17 17:00:00,39.7,41.6,39.5,41.2,61297233.00848981
2023-02-17 21:00:00,41.2,41.8,40.2,41.2,105269615.66549344
2023-02-18 01:00:00,41.4,42.3,40.6,42.0,115613853.89091016
2023-02-18 05:00:00,42.1,42.2,40.8,41.8,39404220.30937305
2023-02-18 09:00:00,41.8,43.5,41.7,42.3,222855746.5047828
2023-02-18 13:00:00,42.4,43.0,42.1,42.2,37408519.57452711
2023-02-18 17:00:00,42.2,42.6,41.2,42.3,52657156.46170797
2023-02-18 21:00:00,42.2,42.7,41.9,42.2,33699343.92113643
2023-02-19 01:00:00,42.3,42.7,41.9,42.0,11040735.97447929
2023-02-19 05:00:00,42.0,42.7,41.7,42.5,13045534.92931307
2023-02-19 09:00:00,42.5,42.5,41.7,41.8,28213636.504703
2023-02-19 13:00:00,41.8,42.7,41.7,42.0,34779334.57936835
2023-02-19 17:00:00,41.8,42.4,41.7,42.2,19204104.28334408
2023-02-19 21:00:00,42.2,42.8,42.1,42.5,35195021.97036453
2023-02-20 01:00:00,42.6,42.7,41.0,41.7,37449111.06990765
2023-02-20 05:00:00,41.6,42.2,41.2,41.9,26841485.99090516
2023-02-20 09:00:00,42.0,43.9,41.2,43.9,206393510.2206443
2023-02-20 13:00:00,43.9,44.0,42.8,43.4,74283144.65285544
2023-02-20 17:00:00,43.4,44.7,43.0,44.2,98898502.63360712
2023-02-20 21:00:00,44.1,44.2,43.2,43.8,65513465.96295397
2023-02-21 01:00:00,43.8,46.1,43.5,44.8,74216991.55018876
2023-02-21 05:00:00,44.8,45.1,44.3,44.6,22737183.15495438
2023-02-21 09:00:00,44.7,44.8,43.8,43.8,42381230.02229312
2023-02-21 13:00:00,43.8,44.0,43.5,43.9,19222084.70826251
2023-02-21 17:00:00,43.9,44.0,42.3,42.8,62778387.44774946
2023-02-21 21:00:00,42.8,71.0,42.6,66.9,4622952720.499225
2023-02-22 01:00:00,66.9,70.6,63.3,65.3,1388808229.891213
2023-02-22 05:00:00,65.4,65.8,56.8,60.5,1158944561.859093
2023-02-22 09:00:00,60.5,66.2,58.7,63.3,2078524745.9248104
2023-02-22 13:00:00,63.3,63.7,57.7,62.0,1019591940.5249724
2023-02-22 17:00:00,61.9,69.6,60.0,64.9,2344942456.5993023
2023-02-22 21:00:00,65.0,67.2,61.2,62.0,1146672406.6297328
2023-02-23 01:00:00,61.9,66.3,61.9,65.2,271525643.4052924
2023-02-23 05:00:00,65.3,68.5,63.3,64.4,393059039.1990887
2023-02-23 09:00:00,64.3,72.0,63.4,67.5,1278432613.8478494
2023-02-23 13:00:00,67.4,68.3,66.3,67.2,429414372.51402366
2023-02-23 17:00:00,67.2,69.1,65.3,66.8,642591240.5671185
2023-02-23 21:00:00,66.8,68.3,66.0,66.2,431689405.784656
2023-02-24 01:00:00,66.3,66.7,63.8,64.2,184085119.32020137
2023-02-24 05:00:00,64.1,65.8,62.0,62.4,271565817.04138744
2023-02-24 09:00:00,62.5,63.2,59.7,61.5,560512809.5859376
2023-02-24 13:00:00,61.5,62.3,60.0,60.4,182295951.17708263
2023-02-24 17:00:00,60.4,61.8,58.9,61.3,182322529.25930828
2023-02-24 21:00:00,61.3,62.3,58.1,58.9,243747870.82130745
2023-02-25 01:00:00,58.9,59.5,56.9,57.7,94718134.51470026
2023-02-25 05:00:00,57.7,57.9,56.0,57.5,62761456.44188871
2023-02-25 09:00:00,57.5,57.5,53.5,53.8,168725754.1269873
2023-02-25 13:00:00,53.9,54.4,51.9,53.4,94467628.31394053
2023-02-25 17:00:00,53.4,53.4,51.8,52.5,54783815.42187722
2023-02-25 21:00:00,52.5,53.7,51.8,53.2,59670381.55789603
2023-02-26 01:00:00,53.2,54.0,52.7,53.1,34283431.8654671
2023-02-26 05:00:00,53.2,54.8,52.3,54.6,58334234.22489296
2023-02-26 09:00:00,54.6,58.6,53.7,56.3,381652392.14051473
2023-02-26 13:00:00,56.3,59.8,55.0,58.2,375926053.35925466
2023-02-26 17:00:00,58.3,59.3,56.6,57.0,198336990.81807
2023-02-26 21:00:00,57.1,57.2,55.2,56.3,96590565.18648133
2023-02-27 01:00:00,56.3,57.3,55.6,56.4,59057133.55255876
2023-02-27 05:00:00,56.6,57.5,56.0,57.1,42891326.02984896
2023-02-27 09:00:00,57.1,58.7,55.4,58.2,203907233.22874624
2023-02-27 13:00:00,58.2,61.1,57.5,58.6,601347897.714535
2023-02-27 17:00:00,58.7,58.9,56.9,57.7,257474323.7007664
2023-02-27 21:00:00,57.7,58.6,56.1,57.0,415632737.8427475
2023-02-28 01:00:00,56.9,57.3,55.8,56.3,64914306.07916463
2023-02-28 05:00:00,56.3,56.9,55.7,56.3,51139131.88736563
2023-02-28 09:00:00,56.4,58.8,55.6,57.0,405629845.1703214
2023-02-28 13:00:00,57.0,57.2,54.2,54.4,150909641.52121902
2023-02-28 17:00:00,54.3,54.3,53.1,53.6,114193620.61207208
2023-02-28 21:00:00,53.6,55.5,53.3,54.0,93801197.05421242
2023-03-01 01:00:00,54.0,54.3,52.5,52.7,51605710.71743878
2023-03-01 05:00:00,52.7,53.0,51.7,52.4,60614270.51631828
2023-03-01 09:00:00,52.4,53.5,50.8,52.6,135250352.71490598
2023-03-01 13:00:00,52.5,54.6,52.1,53.3,83131638.77627122
2023-03-01 17:00:00,53.3,53.8,52.5,52.9,54053549.02557661
2023-03-01 21:00:00,52.9,52.9,51.7,52.0,69471978.92673188
2023-03-02 01:00:00,52.0,52.6,51.2,51.5,28776519.78711244
2023-03-02 05:00:00,51.7,52.3,51.5,52.3,20609313.62948868
2023-03-02 09:00:00,52.3,52.3,49.9,50.2,98752068.74399775
2023-03-02 13:00:00,50.2,50.6,49.2,49.5,66986620.80246238
2023-03-02 17:00:00,49.5,49.7,48.9,49.6,50546917.28773699
2023-03-02 21:00:00,49.6,49.6,48.4,49.2,44965358.01666743
2023-03-03 01:00:00,49.3,50.0,48.5,49.9,16891951.95028435
2023-03-03 05:00:00,49.8,50.2,49.4,50.2,25121351.3857687
2023-03-03 09:00:00,50.2,50.2,44.1,45.8,180607347.8234025
2023-03-03 13:00:00,45.8,46.7,45.7,46.3,33548947.41487466
2023-03-03 17:00:00,46.3,47.6,46.1,47.1,49041513.09912542
2023-03-03 21:00:00,47.1,48.2,46.8,46.9,46471091.01870987
2023-03-04 01:00:00,46.9,47.4,46.7,47.0,7365849.25363316
2023-03-04 05:00:00,47.0,47.3,46.5,47.3,14252662.49149138
2023-03-04 09:00:00,47.3,48.8,46.9,47.3,75734946.59198634
2023-03-04 13:00:00,47.3,47.5,46.9,47.0,24254281.34890596
2023-03-04 17:00:00,47.0,47.1,46.0,46.2,32839115.3529071
2023-03-04 21:00:00,46.3,46.5,45.4,45.5,49026364.74160875
2023-03-05 01:00:00,45.4,45.7,44.6,44.8,22221739.90458125
2023-03-05 05:00:00,44.8,45.1,43.3,45.0,44713155.46129432
2023-03-05 09:00:00,45.0,45.8,44.1,45.1,62962067.42709406
2023-03-05 13:00:00,45.2,45.6,44.8,45.0,22917842.97630167
2023-03-05 17:00:00,45.0,45.2,44.2,45.0,15709001.12721556
2023-03-05 21:00:00,45.0,45.5,44.8,45.3,13356538.67888831
2023-03-06 01:00:00,45.3,45.4,44.8,45.0,6740113.94422519
2023-03-06 05:00:00,45.0,47.0,45.0,46.4,38443718.04758691
2023-03-06 09:00:00,46.5,46.6,44.4,45.1,48546107.65074704
2023-03-06 13:00:00,45.2,45.7,44.5,44.6,27142337.60313945
2023-03-06 17:00:00,44.6,44.9,44.1,44.5,20810639.42462457
2023-03-06 21:00:00,44.5,46.7,44.1,46.1,34418636.92979927
2023-03-07 01:00:00,46.1,46.3,45.2,45.4,8623059.36931971
2023-03-07 05:00:00,45.6,45.6,44.9,45.2,10092834.38617078
2023-03-07 09:00:00,45.1,45.7,44.3,45.3,28030409.98390822
2023-03-07 13:00:00,45.3,45.3,44.5,44.6,17936792.02776052
2023-03-07 17:00:00,44.5,44.7,43.4,43.4,41258221.24263218
2023-03-07 21:00:00,43.3,43.8,42.0,43.4,65233445.765394
2023-03-08 01:00:00,43.4,43.6,42.5,42.5,18348073.50335688
2023-03-08 05:00:00,42.6,43.0,42.0,42.9,29068314.68076045
2023-03-08 09:00:00,42.9,43.2,41.8,42.2,42189406.12708885
2023-03-08 13:00:00,42.2,42.3,40.7,41.0,31187020.5406303
2023-03-08 17:00:00,41.0,42.1,40.8,41.9,21332421.64915127
2023-03-08 21:00:00,41.9,42.0,40.4,41.7,36714972.82445026
2023-03-09 01:00:00,41.7,41.9,40.2,40.7,10509562.45160412
2023-03-09 05:00:00,40.7,41.2,39.3,39.6,35198096.83782636
2023-03-09 09:00:00,39.8,41.0,39.7,40.5,109746965.1673904
2023-03-09 13:00:00,40.5,40.6,39.7,39.8,35960420.82227844
2023-03-09 17:00:00,39.7,40.4,39.4,40.2,24109793.94806711
2023-03-09 21:00:00,40.3,41.5,40.0,40.6,50842775.59861491
2023-03-10 01:00:00,40.5,40.7,38.7,39.1,42137792.61732207
2023-03-10 05:00:00,39.0,39.0,37.1,37.7,64922724.15767312
2023-03-10 09:00:00,37.8,37.9,35.9,36.8,62292270.85785187
2023-03-10 13:00:00,36.7,37.6,36.2,37.2,36289015.11292396
2023-03-10 17:00:00,37.3,37.5,34.8,35.7,57849716.50205944
2023-03-10 21:00:00,35.8,37.1,35.5,36.6,50545446.02028955
2023-03-11 01:00:00,36.6,37.4,36.4,37.3,19751123.77816031
2023-03-11 05:00:00,37.3,37.9,36.7,37.7,21057508.56714173
2023-03-11 09:00:00,37.8,39.0,37.6,38.0,102871932.98888712
2023-03-11 13:00:00,38.0,38.3,35.8,36.0,63171657.75571196
2023-03-11 17:00:00,36.0,37.2,35.7,36.5,26306130.7591249
2023-03-11 21:00:00,36.6,37.0,35.8,36.1,17451500.34608988
2023-03-12 01:00:00,36.0,36.8,35.7,36.6,10381661.35471611
2023-03-12 05:00:00,36.6,37.6,36.5,37.4,12205042.56964861
2023-03-12 09:00:00,37.5,37.5,36.3,36.8,19374240.69533865
2023-03-12 13:00:00,36.8,37.0,36.3,36.6,11129019.55184
2023-03-12 17:00:00,36.5,37.1,36.4,36.7,11122390.28363093
2023-03-12 21:00:00,36.7,36.8,35.4,35.8,30385377.93968133
2023-03-13 01:00:00,35.6,37.6,35.5,37.0,24523380.58784013
2023-03-13 05:00:00,37.0,40.3,37.0,40.1,70044426.63573746
2023-03-13 09:00:00,40.2,43.1,39.5,40.9,233359472.144042
2023-03-13 13:00:00,40.9,41.9,40.9,41.6,61883143.64379853
2023-03-13 17:00:00,41.6,42.3,39.6,41.6,136718155.9223157
2023-03-13 21:00:00,41.6,47.2,40.8,44.8,626260245.8572277
2023-03-14 01:00:00,44.8,45.7,44.0,44.7,162701153.14788282
2023-03-14 05:00:00,44.8,45.6,44.5,45.0,75348459.72488959
2023-03-14 09:00:00,45.0,47.2,44.1,46.5,272052962.29279023
2023-03-14 13:00:00,46.5,47.3,45.2,45.4,235542054.51716217
2023-03-14 17:00:00,45.3,46.0,44.1,45.5,164962291.91807136
2023-03-14 21:00:00,45.4,49.9,45.2,48.9,345599015.1469747
2023-03-15 01:00:00,48.9,49.1,46.5,47.9,133060046.91094652
2023-03-15 05:00:00,47.9,48.0,45.9,47.7,71416710.20722377
2023-03-15 09:00:00,47.6,48.6,46.5,47.9,114828579.50124772
2023-03-15 13:00:00,47.8,48.2,47.2,47.8,53893311.80423187
2023-03-15 17:00:00,47.8,48.3,45.7,47.0,119952501.91324064
2023-03-15 21:00:00,47.0,48.3,44.4,44.7,127870299.04743692
2023-03-16 01:00:00,44.7,44.8,43.2,44.6,83271463.82894306
2023-03-16 05:00:00,44.5,48.0,44.3,46.5,81444136.43533736
2023-03-16 09:00:00,46.5,47.0,44.5,45.8,96344157.48596834
2023-03-16 13:00:00,45.8,46.7,44.7,46.3,68111036.91274393
2023-03-16 17:00:00,46.3,47.1,45.4,46.7,58960235.9242638
2023-03-16 21:00:00,46.8,48.5,45.1,48.0,135118435.9513799
2023-03-17 01:00:00,48.0,48.1,46.8,47.4,32223804.39529117
2023-03-17 05:00:00,47.4,47.5,46.4,47.1,33208357.06768768
2023-03-17 09:00:00,47.1,47.8,46.3,47.4,91782249.455171
2023-03-17 13:00:00,47.4,48.1,47.1,47.7,79084879.15657952
2023-03-17 17:00:00,47.8,49.2,47.5,49.0,103374583.49340464
2023-03-17 21:00:00,49.0,49.0,46.5,47.4,110805816.1781378
2023-03-18 01:00:00,47.3,48.0,47.0,48.0,18614619.58913596
2023-03-18 05:00:00,47.9,49.5,47.5,49.5,71832721.83945239
2023-03-18 09:00:00,49.4,51.4,49.1,50.2,265570396.62197584
2023-03-18 13:00:00,50.2,50.3,49.7,50.1,43071334.0234062
2023-03-18 17:00:00,50.1,50.1,48.5,49.4,76906521.64378367
2023-03-18 21:00:00,49.3,49.7,47.7,48.3,70247663.52704708
2023-03-19 01:00:00,48.3,48.6,46.4,48.0,53554017.49432325
2023-03-19 05:00:00,48.0,49.2,47.4,47.8,37529322.69956238
2023-03-19 09:00:00,47.8,48.6,47.5,48.1,59314866.79458264
2023-03-19 13:00:00,48.1,48.1,46.0,46.6,65277605.3002485
2023-03-19 17:00:00,46.6,47.2,45.7,46.7,64292917.74587667
2023-03-19 21:00:00,46.7,47.4,46.3,47.2,45483283.55630219
2023-03-20 01:00:00,47.2,48.9,47.2,48.2,27729556.85073036
2023-03-20 05:00:00,48.3,48.7,47.0,48.1,56375064.85371606
2023-03-20 09:00:00,48.1,48.5,46.1,46.3,111713450.57506856
2023-03-20 13:00:00,46.3,47.9,45.7,47.6,67235889.13705797
2023-03-20 17:00:00,47.6,47.8,46.6,46.9,60221825.86766085
2023-03-20 21:00:00,46.8,47.4,46.4,46.6,33526068.77872276
2023-03-21 01:00:00,46.7,46.9,45.2,45.7,33943737.9087739
2023-03-21 05:00:00,45.7,46.4,45.3,45.5,24094567.00229683
2023-03-21 09:00:00,45.6,46.8,44.7,45.1,84573556.46533684
2023-03-21 13:00:00,45.1,45.5,43.9,44.0,45270678.748785
2023-03-21 17:00:00,44.0,45.2,42.9,45.0,55369109.22473703
2023-03-21 21:00:00,45.1,47.6,44.9,46.5,125010360.22002468
2023-03-22 01:00:00,46.4,47.0,45.9,46.1,16820524.98223061
2023-03-22 05:00:00,46.1,46.6,45.7,46.2,20783156.2347781
2023-03-22 09:00:00,46.3,46.5,45.2,45.7,32606029.72659815
2023-03-22 13:00:00,45.7,46.0,44.6,45.3,31278272.44924621
2023-03-22 17:00:00,45.3,45.5,44.6,44.8,20427186.96290146
2023-03-22 21:00:00,44.7,46.0,44.6,45.4,21528812.55579805
2023-03-23 01:00:00,45.4,46.2,42.5,42.8,72061024.25164871
2023-03-23 05:00:00,42.7,44.1,42.5,43.7,40090039.02604759
2023-03-23 09:00:00,43.7,44.5,42.8,43.0,43556212.40532315
2023-03-23 13:00:00,43.0,44.3,42.8,44.0,28689500.27574887
2023-03-23 17:00:00,44.0,44.5,43.9,44.1,23108102.9561972
2023-03-23 21:00:00,44.0,45.0,43.4,44.6,34088649.68314279
2023-03-24 01:00:00,44.7,45.3,44.2,44.9,25010118.74672845
2023-03-24 05:00:00,44.8,46.1,44.7,45.8,25827830.07343015
2023-03-24 09:00:00,45.8,46.3,45.3,45.5,28222233.87797654
2023-03-24 13:00:00,45.5,45.7,45.0,45.4,17236123.77954972
2023-03-24 17:00:00,45.5,45.5,44.7,45.0,24681558.96378793
2023-03-24 21:00:00,44.9,47.0,44.8,46.8,54731074.15426465
2023-03-25 01:00:00,46.8,46.8,44.4,45.2,21678797.62417893
2023-03-25 05:00:00,45.3,45.4,44.3,44.9,14844933.60057974
2023-03-25 09:00:00,44.8,45.0,44.2,44.4,23781833.93837542
2023-03-25 13:00:00,44.4,44.6,43.8,43.9,20473929.59174456
2023-03-25 17:00:00,43.9,44.0,43.2,43.6,22183154.4354715
2023-03-25 21:00:00,43.7,44.0,43.3,43.7,15620912.31370249
2023-03-26 01:00:00,43.8,43.8,42.5,42.7,20656141.87108162
2023-03-26 05:00:00,42.7,43.4,42.7,43.2,11424361.72025309
2023-03-26 09:00:00,43.2,43.4,42.6,43.2,20916836.74553356
2023-03-26 13:00:00,43.2,43.6,43.0,43.4,6353129.5778544
2023-03-26 17:00:00,43.5,44.0,43.3,44.0,14785836.25795449
2023-03-26 21:00:00,44.0,44.7,43.7,43.9,46839941.79839072
2023-03-27 01:00:00,44.0,44.0,43.0,43.1,13479620.01201611
2023-03-27 05:00:00,43.0,43.6,42.4,43.3,27713635.71063691
2023-03-27 09:00:00,43.4,44.5,42.8,42.9,57791421.24267397
2023-03-27 13:00:00,42.9,43.2,41.8,41.9,49377507.73466383
2023-03-27 17:00:00,41.8,42.4,41.7,42.3,21005767.57664385
2023-03-27 21:00:00,42.3,42.5,39.7,40.5,87467157.85541554
2023-03-28 01:00:00,40.5,41.0,40.2,40.3,16189316.28831132
2023-03-28 05:00:00,40.3,41.0,40.2,40.9,15356204.13665747
2023-03-28 09:00:00,40.9,41.0,39.8,40.3,38912129.89882765
2023-03-28 13:00:00,40.2,40.8,40.1,40.4,25952121.06245965
2023-03-28 17:00:00,40.5,40.7,39.7,40.7,20535710.72483558
2023-03-28 21:00:00,40.7,41.0,40.2,41.0,17004972.39270884
2023-03-29 01:00:00,41.0,41.7,40.5,41.5,12780202.27732782
2023-03-29 05:00:00,41.6,42.2,41.4,42.1,22369991.61272706
2023-03-29 09:00:00,42.2,42.6,41.9,42.2,22477070.45260944
2023-03-29 13:00:00,42.2,43.2,42.1,42.9,41296696.78981805
2023-03-29 17:00:00,43.0,43.6,42.9,43.4,41878256.65551558
2023-03-29 21:00:00,43.4,43.9,43.0,43.6,45924521.76851935
2023-03-30 01:00:00,43.5,43.5,43.1,43.3,7274583.59866406
2023-03-30 05:00:00,43.3,43.8,43.1,43.7,23262770.53991192
2023-03-30 09:00:00,43.7,44.4,43.0,43.2,93823143.39244932
2023-03-30 13:00:00,43.3,43.6,42.6,43.0,38297240.09708802
2023-03-30 17:00:00,43.0,43.0,42.2,42.9,31936906.85767828
2023-03-30 21:00:00,42.9,43.0,42.2,42.5,25323050.89560361
2023-03-31 01:00:00,42.4,42.4,41.6,42.3,18071801.48281751
2023-03-31 05:00:00,42.3,42.8,42.2,42.5,9308318.66090557
2023-03-31 09:00:00,42.7,43.5,42.4,42.7,72407253.33532123
2023-03-31 13:00:00,42.7,44.4,42.5,43.6,137296803.1789579
2023-03-31 17:00:00,43.6,46.1,42.8,44.5,359532523.5459049
2023-03-31 21:00:00,44.5,49.2,43.9,46.3,1082382014.056983
2023-04-01 01:00:00,46.3,46.4,45.5,46.1,23609692.07114181
2023-04-01 05:00:00,45.9,46.5,44.6,46.0,102120628.74967983
2023-04-01 09:00:00,46.0,48.5,45.4,47.7,367140078.36738825
2023-04-01 13:00:00,47.7,49.4,46.7,47.4,282694118.092888
2023-04-01 17:00:00,47.4,54.4,47.3,51.6,1524927742.7692137
2023-04-01 21:00:00,51.5,55.7,49.4,53.2,1987925788.0143104
2023-04-02 01:00:00,53.3,53.7,50.2,50.6,326430670.30047536
2023-04-02 05:00:00,50.6,51.3,49.1,49.9,367115977.75854295
2023-04-02 09:00:00,49.9,50.9,48.1,48.3,600724366.4443475
2023-04-02 13:00:00,48.3,48.5,47.4,47.8,106412915.34428288
2023-04-02 17:00:00,47.8,48.1,47.0,47.3,119327573.4928816
2023-04-02 21:00:00,47.3,47.6,46.0,46.6,106738085.50016044
2023-04-03 01:00:00,46.7,46.9,45.7,46.0,29275868.68544339
2023-04-03 05:00:00,46.1,46.4,45.5,46.3,47579088.41748929
2023-04-03 09:00:00,46.3,46.3,44.1,44.9,133843147.67736033
2023-04-03 13:00:00,45.0,45.7,44.4,45.7,35231403.60795299
2023-04-03 17:00:00,45.7,46.2,45.3,45.4,52458577.57414197
2023-04-03 21:00:00,45.4,45.6,44.6,44.8,62854905.76649773
2023-04-04 01:00:00,44.8,45.8,44.5,44.8,48927914.18493817
2023-04-04 05:00:00,44.9,45.1,43.3,44.2,64197763.03731899
2023-04-04 09:00:00,44.3,46.1,44.3,45.5,178713227.45500526
2023-04-04 13:00:00,45.5,46.8,45.0,45.6,138144455.15445694
2023-04-04 17:00:00,45.6,46.6,45.6,46.3,96298268.4099604
2023-04-04 21:00:00,46.3,47.4,45.9,46.5,164721681.33948424
2023-04-05 01:00:00,46.5,46.7,46.0,46.4,24702958.0661481
2023-04-05 05:00:00,46.5,46.6,45.8,45.8,28400623.1839593
2023-04-05 09:00:00,45.9,49.3,45.3,47.9,324093297.6822147
2023-04-05 13:00:00,47.9,47.9,46.9,47.1,76623517.29415357
2023-04-05 17:00:00,47.2,48.4,47.1,47.8,46001497.71798575
2023-04-05 21:00:00,47.8,47.9,45.9,46.9,90042089.37913448
2023-04-06 01:00:00,46.9,47.0,46.3,47.0,30742173.02245661
2023-04-06 05:00:00,46.9,48.4,46.7,48.0,59408842.55550404
2023-04-06 09:00:00,48.0,48.0,45.7,47.2,124983232.57705268
2023-04-06 13:00:00,47.2,47.4,46.0,46.2,47251526.22397143
2023-04-06 17:00:00,46.2,46.5,45.6,46.2,63745026.36752523
2023-04-06 21:00:00,46.2,47.0,45.8,46.8,47926570.10218735
2023-04-07 01:00:00,46.8,46.9,46.4,46.7,14569783.01268435
2023-04-07 05:00:00,46.7,47.0,46.3,46.9,14516935.32441616
2023-04-07 09:00:00,46.9,47.1,46.0,46.4,43335978.35180688
2023-04-07 13:00:00,46.4,47.6,45.7,45.8,51953389.73426268
2023-04-07 17:00:00,45.9,46.2,45.6,45.6,25188626.76146897
2023-04-07 21:00:00,45.6,46.2,45.5,46.0,18919474.26704495
2023-04-08 01:00:00,46.0,46.1,45.7,45.9,9647205.13484431
2023-04-08 05:00:00,45.9,46.5,45.9,46.3,16974116.05685858
2023-04-08 09:00:00,46.4,47.3,46.0,46.9,122613294.70255037
2023-04-08 13:00:00,46.9,47.3,46.6,46.9,22565220.99335997
2023-04-08 17:00:00,46.9,47.6,46.8,47.0,50407832.65441799
2023-04-08 21:00:00,47.1,47.1,46.5,46.8,29028283.92621567
2023-04-09 01:00:00,46.8,46.8,46.1,46.1,21153207.62772592
2023-04-09 05:00:00,46.1,47.0,46.1,46.7,20838213.40830112
2023-04-09 09:00:00,46.8,46.9,46.2,46.2,41781932.63939416
2023-04-09 13:00:00,46.2,46.6,45.2,45.4,40136568.17192906
2023-04-09 17:00:00,45.4,45.6,45.0,45.5,28694489.65976779
2023-04-09 21:00:00,45.5,45.8,45.0,45.4,15724728.78023257
2023-04-10 01:00:00,45.5,46.0,45.2,45.9,6994526.79531345
2023-04-10 05:00:00,46.0,46.6,45.8,45.9,19128794.92745949
2023-04-10 09:00:00,46.0,47.6,46.0,46.9,196466696.29127687
2023-04-10 13:00:00,46.9,47.5,46.3,46.6,119156814.43492788
2023-04-10 17:00:00,46.6,46.8,46.2,46.4,59216761.26962894
2023-04-10 21:00:00,46.4,48.6,45.7,46.8,408697841.6458135
2023-04-11 01:00:00,46.8,47.8,46.7,47.4,42624508.34492231
2023-04-11 05:00:00,47.4,48.1,46.9,47.7,55811672.29569545
2023-04-11 09:00:00,47.7,48.6,47.4,47.8,127632437.68209566
2023-04-11 13:00:00,47.7,47.9,47.1,47.8,51011348.44530983
2023-04-11 17:00:00,47.8,48.4,47.6,47.8,59281565.47886948
2023-04-11 21:00:00,47.8,48.3,47.7,48.2,43725738.03669975
2023-04-12 01:00:00,48.2,48.3,47.8,47.8,24262707.53363874
2023-04-12 05:00:00,47.8,48.2,47.7,48.0,23880899.99949395
2023-04-12 09:00:00,48.0,48.1,45.3,46.2,121266163.0801837
2023-04-12 13:00:00,46.3,47.0,46.1,46.9,28710170.0744529
2023-04-12 17:00:00,46.8,47.2,46.1,46.4,61857760.38989629
2023-04-12 21:00:00,46.4,47.6,46.1,46.9,74300348.96728764
2023-04-13 01:00:00,47.0,47.0,46.4,46.6,9322127.88523864
2023-04-13 05:00:00,46.6,47.2,46.6,46.9,26359881.82349269
2023-04-13 09:00:00,46.9,47.2,46.2,46.3,30446622.29316725
2023-04-13 13:00:00,46.3,46.5,45.9,46.4,19820297.86444504
2023-04-13 17:00:00,46.4,47.0,46.3,46.6,34144346.98591413
2023-04-13 21:00:00,46.6,47.1,46.5,46.9,37833086.00642104
2023-04-14 01:00:00,46.9,47.3,46.8,47.0,7211066.01523209
2023-04-14 05:00:00,47.1,47.3,46.9,47.1,15715453.01079398
2023-04-14 09:00:00,47.0,47.8,46.8,47.6,58649951.33658325
2023-04-14 13:00:00,47.6,47.9,47.2,47.3,36382273.00880879
2023-04-14 17:00:00,47.3,47.9,47.2,47.6,32791383.54728559
2023-04-14 21:00:00,47.6,47.8,46.1,46.4,59622794.79359934
2023-04-15 01:00:00,46.4,47.2,46.2,47.2,13978582.01425322
2023-04-15 05:00:00,47.2,47.7,47.1,47.2,14991469.02936921
2023-04-15 09:00:00,47.3,47.5,46.7,46.9,41432865.30345357
2023-04-15 13:00:00,46.9,47.2,46.7,47.2,15538327.44212328
2023-04-15 17:00:00,47.1,47.6,47.0,47.4,21609466.61500646
2023-04-15 21:00:00,47.4,48.0,47.1,47.7,28076224.80599104
2023-04-16 01:00:00,47.7,49.9,47.5,48.7,71610235.34764066
2023-04-16 05:00:00,48.8,49.5,48.4,48.7,40662393.34494833
2023-04-16 09:00:00,48.6,48.7,47.3,47.6,50337549.30475469
2023-04-16 13:00:00,47.7,48.4,47.6,48.4,16630533.14058192
2023-04-16 17:00:00,48.4,48.5,47.7,47.8,22629083.58798322
2023-04-16 21:00:00,47.8,48.2,47.6,48.1,18149842.89314667
2023-04-17 01:00:00,48.2,48.5,47.9,48.2,10256644.07853313
2023-04-17 05:00:00,48.1,48.7,47.6,48.2,20974047.0355147
2023-04-17 09:00:00,48.3,48.3,46.9,47.8,56379763.18229714
2023-04-17 13:00:00,47.7,47.8,46.9,47.0,28240670.58892266
2023-04-17 17:00:00,47.0,47.4,46.6,46.9,29988986.93737336
2023-04-17 21:00:00,46.9,47.3,46.5,46.6,30034114.91605283
2023-04-18 01:00:00,46.6,47.3,46.5,47.2,5649157.14326705
2023-04-18 05:00:00,47.2,47.7,46.9,47.3,12901363.35017109
2023-04-18 09:00:00,47.3,47.5,46.5,47.0,30728085.35811045
2023-04-18 13:00:00,47.0,48.6,47.0,48.3,43830539.22341814
2023-04-18 17:00:00,48.3,49.6,48.0,49.3,104251890.8626506
2023-04-18 21:00:00,49.2,49.2,48.2,48.5,40954515.93791243
2023-04-19 01:00:00,48.6,48.8,47.9,48.4,11177801.06057275
2023-04-19 05:00:00,48.4,48.7,48.1,48.5,12310442.13853087
2023-04-19 09:00:00,48.5,50.0,48.2,49.4,174689074.92023417
2023-04-19 13:00:00,49.4,49.7,49.0,49.2,59970652.78789627
2023-04-19 17:00:00,49.2,49.2,45.2,46.4,200362129.1638825
2023-04-19 21:00:00,46.4,46.7,45.8,46.1,32385714.47390116
2023-04-20 01:00:00,46.0,46.3,45.7,45.9,11685282.05270293
2023-04-20 05:00:00,46.0,46.2,44.1,44.9,60473824.21761672
2023-04-20 09:00:00,45.0,45.7,43.7,44.8,72319610.85820173
2023-04-20 13:00:00,44.7,45.2,44.5,44.7,26247581.34727246
2023-04-20 17:00:00,44.6,45.7,44.5,44.7,47482813.64007638
2023-04-20 21:00:00,44.7,45.5,44.1,44.2,40997208.47951938
2023-04-21 01:00:00,44.2,44.3,43.4,43.9,48844981.41291584
2023-04-21 05:00:00,43.9,44.2,43.6,44.0,23667310.40831672
2023-04-21 09:00:00,44.1,45.3,43.4,44.9,101896797.6124371
2023-04-21 13:00:00,44.9,44.9,43.3,44.2,66829910.11904809
2023-04-21 17:00:00,44.2,44.4,43.7,43.8,39867236.48926361
2023-04-21 21:00:00,43.8,44.3,43.4,44.0,32435766.60899539
2023-04-22 01:00:00,43.9,44.0,42.0,42.1,38860678.98162327
2023-04-22 05:00:00,42.0,42.3,41.2,42.1,44039658.7642594
2023-04-22 09:00:00,42.1,42.9,41.5,42.0,53596521.61829433
2023-04-22 13:00:00,41.9,42.6,41.9,42.2,28073263.29757543
2023-04-22 17:00:00,42.2,42.5,42.1,42.5,10417273.28513653
2023-04-22 21:00:00,42.5,43.0,42.3,42.8,14536558.85780347
2023-04-23 01:00:00,42.8,43.3,42.7,43.0,9872236.06831224
2023-04-23 05:00:00,43.1,43.7,43.0,43.5,8211897.87353437
2023-04-23 09:00:00,43.5,43.5,42.4,42.8,21319410.06201251
2023-04-23 13:00:00,42.8,43.1,42.6,43.1,8512899.96197853
2023-04-23 17:00:00,43.1,43.1,42.5,42.8,8395887.57728761
2023-04-23 21:00:00,42.8,42.9,41.9,42.2,16041025.26909916
2023-04-24 01:00:00,42.2,42.5,41.8,42.2,2847239.8599638
2023-04-24 05:00:00,42.1,42.4,42.1,42.3,2184318.41868614
2023-04-24 09:00:00,42.4,42.6,41.3,41.9,44043865.30510843
2023-04-24 13:00:00,42.0,42.1,41.1,41.5,27289389.47528374
2023-04-24 17:00:00,41.5,42.3,41.0,42.3,18700489.84589668
2023-04-24 21:00:00,42.3,42.4,41.5,41.6,19619391.29999127
2023-04-25 01:00:00,41.6,42.3,41.3,42.0,7793388.38109861
2023-04-25 05:00:00,42.0,42.2,41.8,42.0,5497990.34811219
2023-04-25 09:00:00,42.1,42.1,41.0,41.0,27606934.40128584
2023-04-25 13:00:00,41.0,41.3,40.7,40.8,10091407.36825582
2023-04-25 17:00:00,40.8,41.3,40.6,41.2,18224744.4032067
2023-04-25 21:00:00,41.2,41.5,40.5,40.8,23866766.34056924
2023-04-26 01:00:00,40.8,41.5,40.7,41.3,6460473.99327752
2023-04-26 05:00:00,41.3,43.0,41.3,42.7,22820361.83454715
2023-04-26 09:00:00,42.8,42.9,42.2,42.4,22321106.52857018
2023-04-26 13:00:00,42.4,42.6,42.0,42.0,12967665.45774846
2023-04-26 17:00:00,42.2,43.6,42.0,43.2,24208541.5586877
2023-04-26 21:00:00,43.2,44.0,43.2,43.7,29099274.9583932
2023-04-27 01:00:00,43.7,43.9,40.8,41.3,27662563.30369663
2023-04-27 05:00:00,41.2,41.9,39.9,41.9,36800945.62259762
2023-04-27 09:00:00,41.9,42.9,41.6,42.1,25352977.85532342
2023-04-27 13:00:00,42.1,42.2,41.4,41.9,15453648.92624044
2023-04-27 17:00:00,41.8,41.9,41.5,41.7,8167088.27474453
2023-04-27 21:00:00,41.7,42.3,41.3,42.3,12578825.73433995
2023-04-28 01:00:00,42.3,42.6,41.9,42.4,5691490.11309405
2023-04-28 05:00:00,42.4,42.6,42.0,42.3,6958295.01003371
2023-04-28 09:00:00,42.4,42.4,41.8,41.9,10782705.70088922
2023-04-28 13:00:00,42.0,42.2,41.8,42.2,6083978.9016072
2023-04-28 17:00:00,42.1,42.1,41.5,41.7,12468673.32315861
2023-04-28 21:00:00,41.6,41.9,41.1,41.5,21648207.78104973
2023-04-29 01:00:00,41.6,41.8,41.3,41.7,7297336.53133452
2023-04-29 05:00:00,41.7,41.9,41.6,41.9,6264768.89226882
2023-04-29 09:00:00,41.9,42.0,41.4,41.8,8517753.22490633
2023-04-29 13:00:00,41.9,42.0,41.6,41.7,4377048.32147044
2023-04-29 17:00:00,41.8,42.0,41.7,42.0,14015610.6681152
2023-04-29 21:00:00,42.0,42.3,41.9,42.0,6287983.2155042
2023-04-30 01:00:00,42.0,42.1,41.7,42.0,6920912.59162408
2023-04-30 05:00:00,42.1,42.2,41.8,42.1,6309625.20854725
2023-04-30 09:00:00,42.1,42.1,41.5,41.6,13594075.3086907
2023-04-30 13:00:00,41.6,41.8,41.6,41.6,2636806.39052351
2023-04-30 17:00:00,41.6,41.9,41.5,41.5,4861589.15545025
2023-04-30 21:00:00,41.6,42.0,41.3,41.8,12983292.39606817
2023-05-01 01:00:00,41.8,42.1,41.4,41.6,6893847.69876673
2023-05-01 05:00:00,41.5,41.7,41.1,41.3,7793403.21224184
2023-05-01 09:00:00,41.4,41.6,40.2,40.6,36230555.83144724
2023-05-01 13:00:00,40.6,41.0,40.4,40.8,7267620.18598523
2023-05-01 17:00:00,40.8,40.9,40.7,40.7,4148259.68671794
2023-05-01 21:00:00,40.7,40.9,40.1,40.3,16578577.93760013
2023-05-02 01:00:00,40.2,40.4,39.6,39.7,14701607.0882457
2023-05-02 05:00:00,39.8,40.0,39.5,39.9,8894276.65803308
2023-05-02 09:00:00,39.9,39.9,39.2,39.4,20592037.46102454
2023-05-02 13:00:00,39.5,39.8,39.2,39.7,8264684.03548404
2023-05-02 17:00:00,39.7,39.9,39.3,39.7,12115024.14963836
2023-05-02 21:00:00,39.7,40.1,39.2,39.9,16464010.2291146
2023-05-03 01:00:00,40.0,40.2,39.8,40.1,3426861.87791495
2023-05-03 05:00:00,40.1,40.3,40.0,40.0,3406691.97617229
2023-05-03 09:00:00,40.1,40.2,39.5,39.6,8440973.43673881
2023-05-03 13:00:00,39.6,39.7,39.2,39.3,12197806.19418704
2023-05-03 17:00:00,39.3,39.5,38.9,38.9,14202497.51381948
2023-05-03 21:00:00,39.0,39.2,38.6,38.7,21325567.64077555
2023-05-04 01:00:00,38.8,39.5,38.6,39.5,7544976.8276639
2023-05-04 05:00:00,39.5,40.8,39.4,40.2,20754286.61917258
2023-05-04 09:00:00,40.2,40.4,39.7,40.0,18291930.44166422
2023-05-04 13:00:00,39.9,40.2,39.8,39.9,7712687.6213528
2023-05-04 17:00:00,39.9,40.3,39.8,40.0,8545708.80802735
2023-05-04 21:00:00,40.1,40.2,39.4,39.4,17928943.0847563
2023-05-05 01:00:00,39.4,39.6,39.0,39.2,12312599.39469905
2023-05-05 05:00:00,39.3,39.5,39.2,39.4,5518614.27055233
2023-05-05 09:00:00,39.4,39.7,39.2,39.4,11738569.06370859
2023-05-05 13:00:00,39.4,39.6,39.3,39.4,4742067.76545164
2023-05-05 17:00:00,39.4,39.6,39.2,39.6,5558563.88835591
2023-05-05 21:00:00,39.6,39.9,39.1,39.7,11646030.1711146
2023-05-06 01:00:00,39.7,40.1,39.6,39.6,6103872.28266938
2023-05-06 05:00:00,39.7,40.1,39.6,40.0,4558245.11676293
2023-05-06 09:00:00,39.9,40.1,39.4,39.6,15019542.99370181
2023-05-06 13:00:00,39.6,39.6,39.3,39.4,10744354.98126665
2023-05-06 17:00:00,39.3,40.0,39.1,39.3,26290397.0218701
2023-05-06 21:00:00,39.4,39.5,38.1,38.2,40124588.62132615
2023-05-07 01:00:00,38.2,38.7,38.1,38.6,8924375.47148507
2023-05-07 05:00:00,38.6,38.9,38.5,38.7,4860671.41671131
2023-05-07 09:00:00,38.8,38.8,38.2,38.3,11843108.22960813
2023-05-07 13:00:00,38.3,38.8,38.3,38.7,3051134.11081225
2023-05-07 17:00:00,38.7,38.7,38.2,38.4,3340537.47029831
2023-05-07 21:00:00,38.4,38.7,38.3,38.6,4899810.18187962
2023-05-08 01:00:00,38.6,38.6,38.3,38.3,2333466.30404376
2023-05-08 05:00:00,38.6,38.6,38.2,38.4,3625832.40867234
2023-05-08 09:00:00,38.4,38.7,36.1,36.2,61051931.49543216
2023-05-08 13:00:00,36.2,36.4,35.6,35.9,32091008.19117867
2023-05-08 17:00:00,35.9,36.4,35.8,36.4,13119329.19752867
2023-05-08 21:00:00,36.5,36.5,35.9,36.3,10698718.18065704
2023-05-09 01:00:00,36.2,36.2,34.8,34.9,30912809.19499615
2023-05-09 05:00:00,35.0,35.4,34.8,35.3,16921293.47279217
2023-05-09 09:00:00,35.3,35.4,34.8,35.1,18641234.62895012
2023-05-09 13:00:00,35.1,35.4,34.8,35.4,19607090.82629447
2023-05-09 17:00:00,35.4,36.0,35.1,35.8,17451918.2432451
2023-05-09 21:00:00,35.9,36.1,35.4,35.4,16233903.38068234
2023-05-10 01:00:00,35.4,35.8,35.2,35.4,6661940.14896699
2023-05-10 05:00:00,35.5,35.6,35.2,35.3,6974292.58249621
2023-05-10 09:00:00,35.4,35.6,35.1,35.3,15276725.86071214
2023-05-10 13:00:00,35.3,35.7,35.1,35.4,38153276.00934794
2023-05-10 17:00:00,35.4,35.5,35.1,35.5,16592165.97261575
2023-05-10 21:00:00,35.5,36.4,35.2,36.2,39325959.91426186
2023-05-11 01:00:00,36.2,36.5,35.0,36.2,22332591.61365977
2023-05-11 05:00:00,36.2,36.7,36.1,36.3,11704850.8286685
2023-05-11 09:00:00,36.4,36.4,35.4,35.5,23595047.64873553
2023-05-11 13:00:00,35.5,35.6,35.0,35.2,14917198.71982193
2023-05-11 17:00:00,35.1,35.7,35.0,35.3,14904803.95608618
2023-05-11 21:00:00,35.3,35.6,34.5,34.6,25325481.24237063
2023-05-12 01:00:00,34.7,34.7,33.7,33.9,20261628.73153661
2023-05-12 05:00:00,33.9,34.3,33.8,34.2,16839241.65490877
2023-05-12 09:00:00,34.2,34.2,32.6,32.6,41391277.25363837
2023-05-12 13:00:00,32.6,33.2,32.2,33.2,26352182.62154339
2023-05-12 17:00:00,33.1,33.6,32.9,33.3,10459852.49444338
2023-05-12 21:00:00,33.3,33.9,33.1,33.3,11273862.48826486
2023-05-13 01:00:00,33.3,33.9,33.0,33.9,8140295.32256637
2023-05-13 05:00:00,34.0,34.9,33.9,34.9,13958897.04823631
2023-05-13 09:00:00,34.8,34.9,34.3,34.5,14265200.07044635
2023-05-13 13:00:00,34.6,34.7,34.2,34.5,4256699.41157856
2023-05-13 17:00:00,34.5,34.6,34.3,34.4,2926364.81453383
2023-05-13 21:00:00,34.4,34.6,34.0,34.3,6132512.12101271
2023-05-14 01:00:00,34.2,34.4,34.0,34.2,4436423.60478108
2023-05-14 05:00:00,34.2,34.5,34.2,34.2,2737291.47052856
2023-05-14 09:00:00,34.3,34.4,33.7,34.0,7863562.25814646
2023-05-14 13:00:00,34.0,34.2,33.9,34.2,1573073.25569755
2023-05-14 17:00:00,34.2,34.4,34.1,34.2,4750347.40792343
2023-05-14 21:00:00,34.2,34.8,34.1,34.7,5938733.05428974
2023-05-15 01:00:00,34.8,34.8,34.3,34.4,3111883.15383888
2023-05-15 05:00:00,34.3,34.7,34.3,34.6,3655038.15177924
2023-05-15 09:00:00,34.6,34.7,34.1,34.7,15049410.48095156
2023-05-15 13:00:00,34.6,35.2,34.5,35.2,8259288.06838161
2023-05-15 17:00:00,35.2,39.1,35.0,37.7,823252308.1913246
2023-05-15 21:00:00,37.7,37.7,36.3,37.4,234456863.12708125
2023-05-16 01:00:00,37.4,37.5,36.5,36.5,63141491.84327374
2023-05-16 05:00:00,36.6,37.0,36.2,36.2,66638822.24608644
2023-05-16 09:00:00,36.3,36.4,35.1,35.5,120796533.02565686
2023-05-16 13:00:00,35.5,35.9,35.3,35.8,40549222.5724169
2023-05-16 17:00:00,35.8,35.9,35.3,35.7,28082023.20371202
2023-05-16 21:00:00,35.7,36.1,35.3,35.4,24501867.67779815
2023-05-17 01:00:00,35.4,35.9,35.4,35.6,3141204.43834263
2023-05-17 05:00:00,35.5,35.7,35.3,35.7,15370798.60624825
2023-05-17 09:00:00,35.6,35.7,35.2,35.6,28682970.96240281
2023-05-17 13:00:00,35.6,35.8,35.2,35.2,19003266.02266677
2023-05-17 17:00:00,35.2,35.4,34.5,35.0,49059390.62173161
2023-05-17 21:00:00,35.0,35.1,34.3,34.6,31894239.70204643
2023-05-18 01:00:00,34.6,36.1,34.4,36.0,12728678.7911268
2023-05-18 05:00:00,36.1,36.3,35.8,35.8,12225298.48804706
2023-05-18 09:00:00,35.9,36.1,35.6,35.7,19744267.27187258
2023-05-18 13:00:00,35.8,35.8,35.3,35.6,14604549.64193345
2023-05-18 17:00:00,35.6,35.8,35.2,35.3,9992722.9639773
2023-05-18 21:00:00,35.3,35.5,35.0,35.1,14751907.51940091
2023-05-19 01:00:00,35.0,35.2,34.3,34.8,14461905.15065383
2023-05-19 05:00:00,34.8,35.3,34.6,34.9,6906932.00873917
2023-05-19 09:00:00,35.0,35.1,34.4,34.6,14975634.5885853
2023-05-19 13:00:00,34.7,35.1,34.6,34.7,6060161.49528519
2023-05-19 17:00:00,34.8,35.1,34.7,34.9,6220521.98402951
2023-05-19 21:00:00,35.0,35.3,34.8,35.2,7382155.79891469
2023-05-20 01:00:00,35.2,35.4,35.0,35.1,3410772.52470478
2023-05-20 05:00:00,35.1,35.3,35.1,35.1,1495369.10844683
2023-05-20 09:00:00,35.2,35.2,34.6,34.7,6142124.99200215
2023-05-20 13:00:00,34.7,35.0,34.7,34.9,2327394.19170675
2023-05-20 17:00:00,34.9,35.1,34.8,34.9,2445899.20406005
2023-05-20 21:00:00,34.9,35.3,34.8,35.3,3148973.86992247
2023-05-21 01:00:00,35.3,35.3,34.9,35.1,1711312.92925586
2023-05-21 05:00:00,35.1,35.1,34.9,34.9,1005537.20461817
2023-05-21 09:00:00,35.1,35.3,34.9,35.0,4381572.18401699
2023-05-21 13:00:00,35.0,35.2,34.9,35.0,2181523.08437493
2023-05-21 17:00:00,35.0,35.1,34.6,34.6,5693889.98957828
2023-05-21 21:00:00,34.7,34.8,34.3,34.3,8282480.35927052
2023-05-22 01:00:00,34.4,34.4,34.0,34.2,4043495.04475992
2023-05-22 05:00:00,34.3,34.4,33.9,34.1,6499481.68176819
2023-05-22 09:00:00,34.2,34.4,33.4,33.6,41020475.68818783
2023-05-22 13:00:00,33.6,33.9,33.5,33.8,3427119.88052794
2023-05-22 17:00:00,33.8,34.1,33.7,33.9,8826184.83573034
2023-05-22 21:00:00,34.0,34.3,33.8,34.1,8382785.97931063
2023-05-23 01:00:00,34.2,34.2,33.9,34.0,2854477.17730297
2023-05-23 05:00:00,34.0,34.2,33.8,33.9,5596783.7596089
2023-05-23 09:00:00,34.0,34.5,33.6,34.4,11753144.92877826
2023-05-23 13:00:00,34.4,34.6,34.3,34.4,7100169.39628256
2023-05-23 17:00:00,34.4,35.5,34.4,34.9,76904060.731644
2023-05-23 21:00:00,34.9,35.0,34.3,34.8,12979004.23411131
2023-05-24 01:00:00,34.7,34.9,34.3,34.4,2369780.21927896
2023-05-24 05:00:00,34.4,34.7,34.4,34.6,3645616.60189587
2023-05-24 09:00:00,34.6,34.7,33.5,33.9,17763964.10661299
2023-05-24 13:00:00,33.9,34.1,33.4,33.5,13425870.75085305
2023-05-24 17:00:00,33.4,33.8,33.4,33.4,7914338.65208426
2023-05-24 21:00:00,33.4,33.6,32.6,32.9,22011995.10656344
2023-05-25 01:00:00,32.9,33.1,32.8,33.1,2733370.49614573
2023-05-25 05:00:00,33.1,33.6,33.0,33.3,3858905.32597196
2023-05-25 09:00:00,33.4,33.5,32.3,32.7,16398471.81000315
2023-05-25 13:00:00,32.6,33.2,32.6,32.9,10150879.00669635
2023-05-25 17:00:00,32.8,33.1,32.8,33.1,3481174.28976062
2023-05-25 21:00:00,33.0,33.7,33.0,33.2,12100723.7456726
2023-05-26 01:00:00,33.2,33.7,33.1,33.6,2505828.32756314
2023-05-26 05:00:00,33.6,33.7,33.3,33.5,2344263.62868464
2023-05-26 09:00:00,33.6,33.6,33.1,33.4,5351020.62493911
2023-05-26 13:00:00,33.5,33.5,33.0,33.4,5083245.11385653
2023-05-26 17:00:00,33.4,33.5,33.2,33.4,2324445.66761177
2023-05-26 21:00:00,33.3,33.7,33.1,33.5,4237131.31453603
2023-05-27 01:00:00,33.5,33.8,33.4,33.7,1177480.74037469
2023-05-27 05:00:00,33.8,33.8,33.6,33.6,1877883.30376223
2023-05-27 09:00:00,33.7,33.7,33.5,33.6,5133935.7256313
2023-05-27 13:00:00,33.7,33.9,33.6,33.9,3095502.19757797
2023-05-27 17:00:00,33.9,33.9,33.5,33.7,3537532.3152599
2023-05-27 21:00:00,33.6,33.8,33.4,33.7,2383238.98371885
2023-05-28 01:00:00,33.7,33.9,33.6,33.8,1833643.48533548
2023-05-28 05:00:00,33.8,34.0,33.8,33.9,1677188.02288889
2023-05-28 09:00:00,34.0,34.3,33.7,34.2,6350014.68800229
2023-05-28 13:00:00,34.2,34.4,34.0,34.4,4818937.56467379
2023-05-28 17:00:00,34.3,34.6,34.1,34.4,6869848.67683215
2023-05-28 21:00:00,34.4,34.7,34.3,34.5,5386313.35885691
2023-05-29 01:00:00,34.5,35.0,34.4,34.9,5452538.17850974
2023-05-29 05:00:00,34.8,35.5,34.8,35.0,13379137.40626103
2023-05-29 09:00:00,35.0,35.3,34.8,34.9,13464214.36253841
2023-05-29 13:00:00,34.9,36.9,34.6,36.0,121419897.97171162
2023-05-29 17:00:00,36.1,36.5,35.1,35.4,83884836.58678979
2023-05-29 21:00:00,35.4,35.4,34.8,34.8,27380436.07058779
2023-05-30 01:00:00,34.9,35.2,34.5,35.1,12700831.82149287
2023-05-30 05:00:00,35.1,35.6,35.0,35.2,13245812.567527
2023-05-30 09:00:00,35.2,35.4,34.8,35.3,16853740.73321934
2023-05-30 13:00:00,35.3,35.6,35.0,35.1,17031954.99600791
2023-05-30 17:00:00,35.1,35.7,35.0,35.3,20615838.30786462
2023-05-30 21:00:00,35.3,35.6,34.9,35.1,19171213.43046062
2023-05-31 01:00:00,35.1,35.3,34.9,35.0,9798836.07151482
2023-05-31 05:00:00,35.0,35.4,34.9,35.4,8730134.31990257
2023-05-31 09:00:00,35.4,35.5,35.1,35.4,20476130.4808941
2023-05-31 13:00:00,35.4,35.4,34.1,34.2,30690805.0925485
2023-05-31 17:00:00,34.2,34.3,33.8,33.9,18495350.82978502
2023-05-31 21:00:00,33.9,34.2,33.8,33.9,11667124.31391772
2023-06-01 01:00:00,34.0,34.1,33.8,34.0,2917883.79280961
2023-06-01 05:00:00,33.9,34.2,33.8,34.0,4460497.6984549
2023-06-01 09:00:00,34.1,34.2,33.3,33.7,15543453.73900957
2023-06-01 13:00:00,33.5,33.7,33.4,33.5,6929202.83056007
2023-06-01 17:00:00,33.5,34.0,33.4,33.7,6686727.96004396
2023-06-01 21:00:00,33.7,34.0,33.6,33.7,8254540.09004123
2023-06-02 01:00:00,33.7,33.9,33.5,33.7,5688691.49445673
2023-06-02 05:00:00,33.7,33.8,33.3,33.4,5978314.7008463
2023-06-02 09:00:00,33.4,33.7,33.0,33.6,9210363.83296162
2023-06-02 13:00:00,33.5,33.9,33.5,33.6,5519490.98845323
2023-06-02 17:00:00,33.6,33.8,33.5,33.8,5734382.07267981
2023-06-02 21:00:00,33.7,33.9,33.4,33.8,5122960.23817646
2023-06-03 01:00:00,33.8,34.1,33.7,34.0,2538524.07281799
2023-06-03 05:00:00,34.1,34.2,33.9,34.1,2339686.19435092
2023-06-03 09:00:00,34.1,34.1,33.8,33.9,5506208.46605637
2023-06-03 13:00:00,33.9,34.2,33.8,34.1,8279776.85691501
2023-06-03 17:00:00,34.1,34.7,34.1,34.5,19401469.35678228
2023-06-03 21:00:00,34.5,34.7,34.3,34.4,13524120.29588321
2023-06-04 01:00:00,34.3,34.4,33.9,33.9,7966173.19080637
2023-06-04 05:00:00,34.0,34.3,33.9,34.1,3222890.74689224
2023-06-04 09:00:00,34.2,34.6,34.0,34.5,16276466.3661545
2023-06-04 13:00:00,34.5,34.9,34.3,34.7,24427949.88210023
2023-06-04 17:00:00,34.6,35.0,34.5,34.5,29262370.87387217
2023-06-04 21:00:00,34.6,34.7,34.3,34.4,8791021.35174756
2023-06-05 01:00:00,34.5,35.0,34.3,35.0,7021080.625512
2023-06-05 05:00:00,34.9,35.0,34.4,34.6,15118518.17641061
2023-06-05 09:00:00,34.5,34.7,33.8,33.9,20236561.67939268
2023-06-05 13:00:00,33.9,34.1,33.6,34.0,11924256.41053393
2023-06-05 17:00:00,34.0,34.1,33.6,33.9,10521922.4315879
2023-06-05 21:00:00,33.9,34.0,32.0,32.0,49037273.88811691
2023-06-06 01:00:00,32.1,32.3,30.9,31.4,54139883.06495389
2023-06-06 05:00:00,31.5,31.6,30.8,31.4,18897043.60000128
2023-06-06 09:00:00,31.5,31.6,30.7,31.3,23101404.39595981
2023-06-06 13:00:00,31.3,31.9,31.3,31.7,8608289.87536189
2023-06-06 17:00:00,31.6,31.9,31.3,31.4,17254560.62646427
2023-06-06 21:00:00,31.5,31.7,30.4,31.5,48828736.14641013
2023-06-07 01:00:00,31.6,32.6,31.5,32.5,17297615.58503947
2023-06-07 05:00:00,32.5,32.5,31.9,32.1,10582664.67035483
2023-06-07 09:00:00,32.2,32.2,31.3,31.6,37163159.02575133
2023-06-07 13:00:00,31.6,31.9,31.4,31.8,15617320.4773922
2023-06-07 17:00:00,31.8,31.9,31.0,31.4,15370147.15552594
2023-06-07 21:00:00,31.5,31.7,30.6,30.7,20174862.35213455
2023-06-08 01:00:00,30.8,31.2,30.6,30.9,20828546.37592155
2023-06-08 05:00:00,30.9,31.0,30.6,31.0,12707888.86952205
2023-06-08 09:00:00,31.0,31.3,30.3,30.5,20371456.34354654
2023-06-08 13:00:00,30.6,30.9,30.4,30.8,19769795.35120772
2023-06-08 17:00:00,30.7,31.1,30.5,31.0,12241557.69647343
2023-06-08 21:00:00,31.0,32.9,30.9,31.7,247252005.5307631
2023-06-09 01:00:00,31.7,31.8,31.2,31.5,14776014.39520274
2023-06-09 05:00:00,31.5,31.6,31.2,31.3,16411166.75297302
2023-06-09 09:00:00,31.3,31.4,30.7,30.9,47407477.07351253
2023-06-09 13:00:00,30.9,31.0,30.6,30.7,32750094.46623986
2023-06-09 17:00:00,30.7,31.3,30.7,31.1,23160870.40747375
2023-06-09 21:00:00,31.2,31.5,30.9,31.0,32919977.96105165
2023-06-10 01:00:00,31.0,31.1,30.6,30.7,12229790.57481944
2023-06-10 05:00:00,30.6,30.9,30.6,30.9,9371756.56278483
2023-06-10 09:00:00,30.9,30.9,28.7,28.8,75448849.08017907
2023-06-10 13:00:00,28.8,29.0,25.1,26.1,161532570.31908906
2023-06-10 17:00:00,26.1,26.6,25.9,26.2,27068964.36266595
2023-06-10 21:00:00,26.2,26.2,25.7,25.8,19000162.96618812
2023-06-11 01:00:00,25.8,26.6,25.7,26.4,12319294.39776884
2023-06-11 05:00:00,26.4,26.8,26.2,26.6,8433200.15586954
2023-06-11 09:00:00,26.7,27.1,26.3,26.9,33569743.30276339
2023-06-11 13:00:00,26.9,27.2,26.5,26.8,23016412.10234312
2023-06-11 17:00:00,26.8,27.2,26.6,27.1,10478903.70659188
2023-06-11 21:00:00,27.1,27.2,26.6,26.6,20750994.60372027
2023-06-12 01:00:00,26.6,27.0,26.6,27.0,4607907.03896973
2023-06-12 05:00:00,27.0,27.1,26.5,26.7,9221153.35760772
2023-06-12 09:00:00,26.8,26.8,25.8,25.9,45049254.23846926
2023-06-12 13:00:00,25.9,26.2,25.8,25.9,19375539.95851392
2023-06-12 17:00:00,25.9,26.8,25.8,26.5,23452402.47493204
2023-06-12 21:00:00,26.5,26.6,26.2,26.3,8000880.85875314
2023-06-13 01:00:00,26.3,26.5,26.1,26.2,2561267.37302728
2023-06-13 05:00:00,26.1,26.6,26.1,26.5,3991161.94535588
2023-06-13 09:00:00,26.5,26.8,26.1,26.6,17463311.56847791
2023-06-13 13:00:00,26.8,26.8,26.4,26.6,9435980.98505539
2023-06-13 17:00:00,26.6,26.9,26.5,26.7,13281121.42269275
2023-06-13 21:00:00,26.7,27.2,25.9,26.0,28478490.73906002
2023-06-14 01:00:00,26.0,26.3,26.0,26.2,2797439.51747516
2023-06-14 05:00:00,26.1,26.4,26.1,26.3,9784683.93306845
2023-06-14 09:00:00,26.4,26.6,26.2,26.5,6752751.43874528
2023-06-14 13:00:00,26.5,26.6,26.2,26.2,10128994.11894576
2023-06-14 17:00:00,26.2,26.6,26.2,26.5,6090567.55264501
2023-06-14 21:00:00,26.6,26.6,26.2,26.3,9455494.90449669
2023-06-15 01:00:00,26.3,26.6,26.1,26.3,6263768.64143944
2023-06-15 05:00:00,26.3,26.3,24.7,25.2,40226581.19281166
2023-06-15 09:00:00,25.2,25.6,25.0,25.5,20633928.54819348
2023-06-15 13:00:00,25.5,25.5,24.9,25.1,10871886.68194782
2023-06-15 17:00:00,25.1,25.3,24.6,25.0,14306093.41492493
2023-06-15 21:00:00,25.1,25.3,24.9,25.1,10440899.38278713
2023-06-16 01:00:00,25.0,25.5,24.8,25.5,4012956.55750791
2023-06-16 05:00:00,25.6,25.8,25.2,25.4,6092318.84284121
2023-06-16 09:00:00,25.4,25.5,25.1,25.4,17167110.52134379
2023-06-16 13:00:00,25.5,25.5,25.2,25.3,10931301.47369655
2023-06-16 17:00:00,25.3,25.5,24.8,24.9,10103050.24131012
2023-06-16 21:00:00,25.0,25.5,25.0,25.5,8411302.14330751
2023-06-17 01:00:00,25.6,26.3,25.5,26.1,8543080.07578986
2023-06-17 05:00:00,26.1,26.2,25.9,26.1,4585918.63637152
2023-06-17 09:00:00,26.2,26.4,26.0,26.3,9910982.55623654
2023-06-17 13:00:00,26.4,27.0,26.2,26.7,14190118.76197293
2023-06-17 17:00:00,26.6,26.7,26.4,26.4,5990159.29806526
2023-06-17 21:00:00,26.4,26.6,26.3,26.3,5087925.85588876
2023-06-18 01:00:00,26.3,26.5,26.1,26.4,3159549.08759406
2023-06-18 05:00:00,26.4,26.5,26.1,26.1,1955328.5085817
2023-06-18 09:00:00,26.3,26.4,26.0,26.3,10752733.95162291
2023-06-18 13:00:00,26.3,26.6,26.2,26.5,14914981.89046655
2023-06-18 17:00:00,26.5,26.7,26.3,26.5,8029926.68619216
2023-06-18 21:00:00,26.5,26.7,26.4,26.6,5621658.26786683
2023-06-19 01:00:00,26.7,26.9,26.6,26.8,5842155.1347821
2023-06-19 05:00:00,26.8,26.8,26.0,26.2,11345218.8925288
2023-06-19 09:00:00,26.0,26.6,26.0,26.4,10754229.41269861
2023-06-19 13:00:00,26.3,26.5,26.1,26.3,6521385.39953132
2023-06-19 17:00:00,26.2,26.5,26.2,26.2,4730893.129366
2023-06-19 21:00:00,26.2,26.4,26.0,26.1,7520017.46113872
2023-06-20 01:00:00,26.1,26.6,26.0,26.3,7855408.22854969
2023-06-20 05:00:00,26.3,26.5,26.2,26.5,6058363.51476169
2023-06-20 09:00:00,26.5,26.7,26.1,26.4,25376789.13933067
2023-06-20 13:00:00,26.4,26.8,26.4,26.7,11077319.7192087
2023-06-20 17:00:00,26.7,26.9,26.3,26.9,20313766.33616776
2023-06-20 21:00:00,26.8,26.9,26.3,26.9,19156515.06835931
2023-06-21 01:00:00,26.9,27.5,26.7,27.5,13383713.44672691
2023-06-21 05:00:00,27.5,27.8,27.3,27.8,17471609.21635115
2023-06-21 09:00:00,27.8,28.6,27.5,28.4,36298806.745142
2023-06-21 13:00:00,28.3,28.7,28.2,28.4,15141434.42764478
2023-06-21 17:00:00,28.4,28.9,28.0,28.7,55581637.51000199
2023-06-21 21:00:00,28.7,29.0,28.5,28.8,30852910.68320073
2023-06-22 01:00:00,28.9,29.5,28.8,29.4,19792710.16336578
2023-06-22 05:00:00,29.4,29.7,29.1,29.6,13722072.19190739
2023-06-22 09:00:00,29.5,30.4,29.5,30.3,39311694.97175469
2023-06-22 13:00:00,30.3,30.5,29.7,29.9,29077860.58742072
2023-06-22 17:00:00,29.9,30.5,29.0,29.2,50005214.21872386
2023-06-22 21:00:00,29.2,29.8,28.8,29.3,42641647.34016853
2023-06-23 01:00:00,29.2,29.5,29.1,29.3,7630286.23865451
2023-06-23 05:00:00,29.3,29.4,28.7,29.0,23268369.54470783
2023-06-23 09:00:00,29.0,29.2,28.8,29.2,45514506.43249031
2023-06-23 13:00:00,29.2,29.6,29.1,29.2,26659541.0388964
2023-06-23 17:00:00,29.3,30.2,29.2,30.2,43935010.06912161
2023-06-23 21:00:00,30.1,32.8,29.6,31.7,700150676.3961132
2023-06-24 01:00:00,31.7,31.8,30.9,31.0,78322764.31865846
2023-06-24 05:00:00,31.0,31.4,30.6,31.2,43048001.35787376
2023-06-24 09:00:00,31.2,33.7,30.8,32.2,426866562.63413054
2023-06-24 13:00:00,32.2,32.5,31.3,31.8,65602044.16416591
2023-06-24 17:00:00,31.7,32.2,31.7,32.1,30038247.47769929
2023-06-24 21:00:00,32.1,34.3,31.9,32.7,374561027.7289994
2023-06-25 01:00:00,32.6,34.2,32.1,33.9,68735744.41628052
2023-06-25 05:00:00,33.9,37.4,33.6,35.4,460878191.83529454
2023-06-25 09:00:00,35.5,39.4,34.4,35.0,1051364213.654884
2023-06-25 13:00:00,34.9,34.9,33.9,34.1,144583167.73237157
2023-06-25 17:00:00,34.1,34.2,33.5,33.7,85644800.4484203
2023-06-25 21:00:00,33.6,33.8,32.6,32.8,93060901.4029326
2023-06-26 01:00:00,32.8,33.1,32.4,32.6,32595610.28415097
2023-06-26 05:00:00,32.6,33.8,32.6,33.4,57487327.0994148
2023-06-26 09:00:00,33.4,34.2,32.3,33.1,206666124.28368124
2023-06-26 13:00:00,33.1,33.1,32.4,32.8,57817884.22333478
2023-06-26 17:00:00,32.7,32.9,32.0,32.5,42530321.42723512
2023-06-26 21:00:00,32.5,35.1,32.5,33.1,330205228.9532296
2023-06-27 01:00:00,33.2,33.3,32.0,32.5,38221254.813344
2023-06-27 05:00:00,32.5,32.6,31.4,31.9,41171098.59738225
2023-06-27 09:00:00,31.9,32.5,31.7,32.3,52689095.25834163
2023-06-27 13:00:00,32.4,32.6,31.6,32.5,48275575.22582126
2023-06-27 17:00:00,32.5,33.3,32.3,32.7,78098362.77350973
2023-06-27 21:00:00,32.8,33.0,31.5,31.7,147928400.19819763
2023-06-28 01:00:00,31.7,32.0,31.7,31.9,4144653.68462219
2023-06-28 05:00:00,31.9,32.1,31.6,31.8,16522491.13382617
2023-06-28 09:00:00,31.8,31.8,30.8,31.2,51491478.86829595
2023-06-28 13:00:00,31.2,31.2,30.1,30.2,41169759.97709931
2023-06-28 17:00:00,30.2,30.6,30.0,30.4,20527112.06435965
2023-06-28 21:00:00,30.4,30.5,29.9,30.5,18221475.11173328
2023-06-29 01:00:00,30.5,30.6,29.0,29.4,14104196.83759956
2023-06-29 05:00:00,29.4,29.9,29.2,29.7,8680572.96401627
2023-06-29 09:00:00,29.7,30.1,29.3,30.0,29495080.50189703
2023-06-29 13:00:00,30.0,30.5,29.9,30.4,22336022.94879286
2023-06-29 17:00:00,30.3,30.9,30.1,30.8,20307081.18765543
2023-06-29 21:00:00,30.8,30.9,30.3,30.5,16768453.21931293
2023-06-30 01:00:00,30.5,30.6,30.1,30.2,5260464.41177986
2023-06-30 05:00:00,30.2,30.4,29.8,30.0,12832042.46330379
2023-06-30 09:00:00,30.0,30.9,29.6,30.7,33812549.51579272
2023-06-30 13:00:00,30.7,31.1,30.5,30.8,37570688.41018521
2023-06-30 17:00:00,30.8,31.4,30.7,31.4,43463491.17576031
2023-06-30 21:00:00,31.3,31.5,27.9,29.4,148145861.56670707
2023-07-01 01:00:00,29.5,30.5,29.1,30.1,23174064.58341027
2023-07-01 05:00:00,30.2,30.8,30.0,30.8,16670131.20394254
2023-07-01 09:00:00,30.8,31.1,30.3,30.6,60436052.16005089
2023-07-01 13:00:00,30.6,30.8,30.1,30.8,24479045.79934853
2023-07-01 17:00:00,30.8,31.3,30.4,31.1,45296383.63923597
2023-07-01 21:00:00,31.1,31.5,30.9,31.0,37515677.20520198
2023-07-02 01:00:00,31.0,31.2,30.9,31.1,4017515.99322562
2023-07-02 05:00:00,31.2,31.6,31.1,31.6,21535699.33037584
2023-07-02 09:00:00,31.6,31.6,30.2,30.5,48127219.10788816
2023-07-02 13:00:00,30.4,31.0,30.3,31.0,22882038.21627547
2023-07-02 17:00:00,30.9,31.1,30.6,31.0,17715181.73786479
2023-07-02 21:00:00,31.0,31.1,30.3,30.8,22199583.03119444
2023-07-03 01:00:00,30.8,31.0,30.5,30.9,4853150.87321392
2023-07-03 05:00:00,30.8,31.1,30.7,30.8,7812712.30251565
2023-07-03 09:00:00,31.0,31.4,30.7,31.3,26413151.7530685
2023-07-03 13:00:00,31.4,31.5,30.9,31.3,24421828.48965862
2023-07-03 17:00:00,31.3,31.6,31.1,31.2,28865520.57542696
2023-07-03 21:00:00,31.3,31.7,30.9,31.4,40466168.92631988
2023-07-04 01:00:00,31.4,31.7,31.0,31.6,13079822.73114656
2023-07-04 05:00:00,31.6,31.6,31.2,31.6,10328593.0479362
2023-07-04 09:00:00,31.7,31.7,31.1,31.6,27133589.48615787
2023-07-04 13:00:00,31.6,31.6,30.9,31.0,21253441.45052473
2023-07-04 17:00:00,31.0,31.3,30.7,31.3,21535513.02054621
2023-07-04 21:00:00,31.3,32.8,31.1,32.6,105779760.1734819
2023-07-05 01:00:00,32.6,33.8,31.9,32.7,289333361.2013312
2023-07-05 05:00:00,32.7,34.0,32.3,33.4,123812133.35645775
2023-07-05 09:00:00,33.5,34.0,32.6,33.0,147908298.22217116
2023-07-05 13:00:00,33.0,34.0,32.8,33.4,124207690.1346232
2023-07-05 17:00:00,33.4,36.1,32.5,33.6,604569140.8127927
2023-07-05 21:00:00,33.6,33.7,32.0,32.2,182580012.20815888
2023-07-06 01:00:00,32.2,32.6,32.0,32.1,23268311.0361753
2023-07-06 05:00:00,32.0,32.5,32.0,32.4,26977121.48272651
2023-07-06 09:00:00,32.4,32.6,31.2,31.7,74433204.92852026
2023-07-06 13:00:00,31.8,32.4,31.2,32.1,51417387.66660075
2023-07-06 17:00:00,32.1,32.8,31.7,31.8,65575074.53980337
2023-07-06 21:00:00,31.9,32.0,30.6,31.3,72298946.30387686
2023-07-07 01:00:00,31.4,31.5,30.9,31.0,8568079.20492459
2023-07-07 05:00:00,31.0,31.3,30.8,30.8,20994982.7107276
2023-07-07 09:00:00,30.9,31.2,30.5,31.0,25523252.10916999
2023-07-07 13:00:00,31.0,31.1,30.4,30.5,28181687.22611584
2023-07-07 17:00:00,30.6,30.7,30.4,30.5,19445151.0881888
2023-07-07 21:00:00,30.5,31.0,30.2,30.8,18648717.90907781
2023-07-08 01:00:00,30.8,30.9,30.4,30.6,6800811.11109598
2023-07-08 05:00:00,30.6,31.0,30.6,31.0,5161371.00011777
2023-07-08 09:00:00,31.0,31.0,30.7,30.7,11845157.57162561
2023-07-08 13:00:00,30.7,30.8,30.4,30.7,11382389.37626584
2023-07-08 17:00:00,30.7,30.9,30.5,30.5,5463478.00680199
2023-07-08 21:00:00,30.5,30.7,30.4,30.6,7582726.57262059
2023-07-09 01:00:00,30.6,30.8,30.3,30.5,5139823.68075212
2023-07-09 05:00:00,30.4,30.6,30.2,30.5,6316503.09637206
2023-07-09 09:00:00,30.6,30.8,30.4,30.6,13811655.94040101
2023-07-09 13:00:00,30.7,30.9,30.5,30.7,13921979.66437537
2023-07-09 17:00:00,30.7,30.9,30.7,30.7,15365435.51844614
2023-07-09 21:00:00,30.7,30.9,30.5,30.7,17043608.58733539
2023-07-10 01:00:00,30.7,30.7,30.6,30.6,1006088.1419418
2023-07-10 05:00:00,30.6,30.6,30.3,30.4,16094239.37309965
2023-07-10 09:00:00,30.4,30.4,29.5,30.0,52943830.18286365
2023-07-10 13:00:00,30.0,30.0,29.6,29.8,10630585.36094895
2023-07-10 17:00:00,29.9,30.2,29.5,30.2,13459915.1441353
2023-07-10 21:00:00,30.2,30.5,30.1,30.4,22589252.95903805
2023-07-11 01:00:00,30.3,32.0,30.3,31.3,60569339.26475601
2023-07-11 05:00:00,31.3,31.6,30.8,31.6,35577203.07936084
2023-07-11 09:00:00,31.6,31.8,30.9,31.7,45097026.10377892
2023-07-11 13:00:00,31.7,32.3,31.4,31.4,64161868.34430589
2023-07-11 17:00:00,31.5,32.0,31.3,31.9,42464309.3914242
2023-07-11 21:00:00,31.9,32.0,31.5,31.7,42313064.45755374
2023-07-12 01:00:00,31.8,31.9,31.6,31.7,3013765.15153059
2023-07-12 05:00:00,31.7,32.3,31.6,32.2,41321805.49157462
2023-07-12 09:00:00,32.3,32.8,32.2,32.6,90089772.31212234
2023-07-12 13:00:00,32.5,33.2,32.5,32.9,79075590.39434998
2023-07-12 17:00:00,32.9,32.9,32.1,32.3,64567462.74141353
2023-07-12 21:00:00,32.3,32.6,31.9,32.0,74833483.4121701
2023-07-13 01:00:00,32.1,32.3,31.8,31.8,13474451.22257865
2023-07-13 05:00:00,31.8,32.5,31.8,32.3,14445548.67441029
2023-07-13 09:00:00,32.3,32.5,31.6,31.7,45070543.0548766
2023-07-13 13:00:00,31.7,32.0,31.3,31.7,44089786.32956424
2023-07-13 17:00:00,31.8,32.2,31.7,32.2,18008656.49474946
2023-07-13 21:00:00,32.2,32.3,31.8,32.1,43875033.20899391
2023-07-14 01:00:00,32.1,32.7,31.8,32.5,80542234.97107914
2023-07-14 05:00:00,32.6,33.5,32.5,33.4,53924084.77335241
2023-07-14 09:00:00,33.5,33.8,32.9,33.3,82870142.1720648
2023-07-14 13:00:00,33.3,33.8,32.8,32.9,76847651.82939918
2023-07-14 17:00:00,32.8,33.2,32.7,33.1,33106989.24081021
2023-07-14 21:00:00,33.1,33.9,32.9,33.8,41102052.53488894
2023-07-15 01:00:00,33.8,34.0,31.5,31.6,75701993.41240577
2023-07-15 05:00:00,31.7,32.8,31.5,32.8,25647236.46715235
2023-07-15 09:00:00,32.7,33.5,32.2,32.5,128693572.03080855
2023-07-15 13:00:00,32.5,33.7,32.4,33.5,46763179.21451647
2023-07-15 17:00:00,33.6,34.2,33.1,33.4,102579566.69877596
2023-07-15 21:00:00,33.5,34.0,33.0,33.5,61686470.84968155
2023-07-16 01:00:00,33.6,34.2,33.2,33.7,25154261.7015473
2023-07-16 05:00:00,33.6,33.8,33.4,33.7,20477312.89445912
2023-07-16 09:00:00,33.8,34.5,32.8,33.2,118974954.27617736
2023-07-16 13:00:00,33.2,33.6,32.8,33.6,26675477.43730989
2023-07-16 17:00:00,33.6,34.2,33.4,33.4,43264870.64103149
2023-07-16 21:00:00,33.4,33.7,33.3,33.4,16278034.56215815
2023-07-17 01:00:00,33.3,33.4,32.6,32.6,12808364.48175142
2023-07-17 05:00:00,32.8,33.0,32.4,32.7,24299005.06239793
2023-07-17 09:00:00,32.6,32.9,32.2,32.9,31655864.71548349
2023-07-17 13:00:00,32.9,33.2,32.7,32.9,31254262.62323531
2023-07-17 17:00:00,32.9,33.3,32.0,32.4,50316007.62521705
2023-07-17 21:00:00,32.3,32.9,32.1,32.4,29129358.80207227
2023-07-18 01:00:00,32.4,32.8,32.1,32.7,13318076.17629519
2023-07-18 05:00:00,32.7,33.2,32.6,33.2,13367010.07899298
2023-07-18 09:00:00,33.2,33.3,32.7,32.8,42334972.34389425
2023-07-18 13:00:00,32.8,33.2,32.2,32.4,51777393.6872095
2023-07-18 17:00:00,32.4,32.6,32.0,32.0,23270720.95887303
2023-07-18 21:00:00,32.0,32.4,31.8,32.1,38461045.83543976
2023-07-19 01:00:00,32.1,32.3,31.6,31.7,13579959.17966497
2023-07-19 05:00:00,31.9,32.2,31.8,32.2,8914193.72772086
2023-07-19 09:00:00,32.2,32.5,32.0,32.5,27824471.94321678
2023-07-19 13:00:00,32.5,32.6,32.0,32.1,25594426.9413027
2023-07-19 17:00:00,32.1,32.3,31.8,32.3,18808609.37684693
2023-07-19 21:00:00,32.2,32.8,31.8,32.3,43681904.12330027
2023-07-20 01:00:00,32.3,32.3,32.1,32.1,6182001.31135505
2023-07-20 05:00:00,32.1,32.3,31.9,32.1,21475381.47807096
2023-07-20 09:00:00,32.1,32.3,31.9,32.1,23144096.87049157
2023-07-20 13:00:00,32.2,32.7,32.1,32.6,23896036.15829975
2023-07-20 17:00:00,32.6,33.0,32.4,32.6,46341103.32372581
2023-07-20 21:00:00,32.6,32.7,31.3,32.0,48032664.98714316
2023-07-21 01:00:00,32.1,32.2,31.8,31.9,8168904.74328755
2023-07-21 05:00:00,31.9,32.3,31.8,32.2,9549191.25135119
2023-07-21 09:00:00,32.3,32.6,31.9,32.4,22966180.33482674
2023-07-21 13:00:00,32.5,32.5,32.1,32.1,18352254.35616699
2023-07-21 17:00:00,32.1,32.5,32.1,32.4,19194248.51194999
2023-07-21 21:00:00,32.4,33.1,32.3,32.8,64507542.24228166
2023-07-22 01:00:00,32.8,32.9,32.5,32.7,11611855.12220165
2023-07-22 05:00:00,32.7,33.1,32.6,33.0,16839592.95238118
2023-07-22 09:00:00,33.0,33.2,32.7,33.1,35268151.57172913
2023-07-22 13:00:00,33.1,33.2,32.7,33.0,17949755.66262915
2023-07-22 17:00:00,33.0,33.2,32.8,32.8,22987369.16279737
2023-07-22 21:00:00,32.8,33.0,32.7,32.9,15009146.04990448
2023-07-23 01:00:00,33.0,33.0,32.8,33.0,7389183.79439753
2023-07-23 05:00:00,33.0,33.2,32.7,33.0,16877451.77441509
2023-07-23 09:00:00,33.1,33.4,32.8,33.3,37104352.15210075
2023-07-23 13:00:00,33.3,35.3,33.3,34.7,462375870.18573904
2023-07-23 17:00:00,34.7,35.9,34.2,34.7,379086697.3275854
2023-07-23 21:00:00,34.7,35.2,33.9,34.3,163327628.3065476
2023-07-24 01:00:00,34.3,34.3,33.5,33.6,39070145.17204129
2023-07-24 05:00:00,33.6,33.7,33.3,33.6,44611449.84954519
2023-07-24 09:00:00,33.6,33.6,32.8,33.0,98808715.63079394
2023-07-24 13:00:00,33.0,33.6,32.6,33.0,55670006.83822
2023-07-24 17:00:00,33.0,33.2,31.5,32.3,105267524.941982
2023-07-24 21:00:00,32.3,32.4,31.8,32.2,33465256.31295312
2023-07-25 01:00:00,32.1,32.3,31.9,32.2,10236864.19562316
2023-07-25 05:00:00,32.2,32.4,32.1,32.3,16515130.19607125
2023-07-25 09:00:00,32.3,32.5,31.6,31.7,47032658.19573861
2023-07-25 13:00:00,31.7,31.9,31.4,31.7,38320092.57605571
2023-07-25 17:00:00,31.6,32.0,31.5,31.9,34215683.13624295
2023-07-25 21:00:00,31.9,32.3,31.6,32.0,30081452.59859999
2023-07-26 01:00:00,32.0,32.1,31.7,31.8,9421670.30254451
2023-07-26 05:00:00,31.7,32.1,31.6,31.9,14966670.64944338
2023-07-26 09:00:00,32.1,36.1,31.7,32.6,1082627171.2749012
2023-07-26 13:00:00,32.6,32.6,32.0,32.2,123165269.9149006
2023-07-26 17:00:00,32.2,33.0,32.1,32.8,179870783.50052327
2023-07-26 21:00:00,32.8,32.8,32.3,32.5,55517937.25335411
2023-07-27 01:00:00,32.4,32.9,32.2,32.7,29333653.38132286
2023-07-27 05:00:00,32.8,33.6,32.6,33.4,96151274.81150506
2023-07-27 09:00:00,33.4,33.5,32.5,32.7,103114826.941427
2023-07-27 13:00:00,32.8,32.9,32.4,32.6,43862610.14724653
2023-07-27 17:00:00,32.6,32.8,32.4,32.7,23245623.23077265
2023-07-27 21:00:00,32.7,32.8,32.4,32.5,32012969.51843935
2023-07-28 01:00:00,32.5,32.6,32.2,32.4,11465794.24581928
2023-07-28 05:00:00,32.5,32.7,32.4,32.6,12023929.37386388
2023-07-28 09:00:00,32.7,32.7,32.2,32.4,42752573.28773788
2023-07-28 13:00:00,32.4,32.6,32.1,32.4,29304121.81580561
2023-07-28 17:00:00,32.4,33.2,32.2,32.9,80420351.42726016
2023-07-28 21:00:00,32.9,33.2,32.9,32.9,48267051.27584611
2023-07-29 01:00:00,33.0,33.2,32.9,33.1,7828205.42810736
2023-07-29 05:00:00,33.1,33.6,33.0,33.5,24891259.26674412
2023-07-29 09:00:00,33.6,35.0,33.3,34.3,234381962.0280617
2023-07-29 13:00:00,34.3,34.6,34.2,34.4,62424581.0737165
2023-07-29 17:00:00,34.4,34.8,34.2,34.6,75080155.7025376
2023-07-29 21:00:00,34.6,34.9,34.3,34.7,68180869.15064532
2023-07-30 01:00:00,34.7,35.2,34.5,34.8,24042317.02251792
2023-07-30 05:00:00,34.8,35.2,34.7,35.0,27199889.43232931
2023-07-30 09:00:00,35.1,35.1,34.2,34.2,122115520.08955637
2023-07-30 13:00:00,34.3,34.5,33.7,33.9,70476806.01934268
2023-07-30 17:00:00,33.8,34.2,33.7,33.8,53916087.69945167
2023-07-30 21:00:00,33.9,33.9,33.0,33.3,93021334.3309774
2023-07-31 01:00:00,33.3,33.4,32.7,32.8,17544372.81941757
2023-07-31 05:00:00,32.8,33.3,32.5,33.1,25382313.26577816
2023-07-31 09:00:00,33.1,33.4,32.9,33.3,58435865.28998656
2023-07-31 13:00:00,33.2,33.5,33.0,33.2,22039683.01122342
2023-07-31 17:00:00,33.1,33.2,32.9,33.0,20463630.008119
2023-07-31 21:00:00,33.1,33.2,32.7,33.0,31349037.80944628
2023-08-01 01:00:00,32.9,33.1,32.6,32.6,6943177.44325791
2023-08-01 05:00:00,32.6,33.3,32.6,33.2,14002613.96138956
2023-08-01 09:00:00,33.2,33.3,31.6,31.8,74499859.18087244
2023-08-01 13:00:00,31.9,32.4,31.8,32.2,19268056.74945344
2023-08-01 17:00:00,32.2,32.5,32.1,32.3,16880220.29087868
2023-08-01 21:00:00,32.3,32.5,32.1,32.5,14822900.8807533
2023-08-02 01:00:00,32.5,32.7,32.3,32.4,6904354.81031972
2023-08-02 05:00:00,32.4,33.0,32.3,32.9,28894413.86743951
2023-08-02 09:00:00,33.0,33.1,32.6,32.6,37273311.72895853
2023-08-02 13:00:00,32.7,32.8,32.4,32.6,23757109.67253722
2023-08-02 17:00:00,32.6,32.8,32.4,32.6,15581450.72336527
2023-08-02 21:00:00,32.7,32.7,32.1,32.4,36941053.84028657
2023-08-03 01:00:00,32.4,32.5,32.0,32.4,22804211.96525572
2023-08-03 05:00:00,32.4,32.6,32.2,32.3,16399101.22695879
2023-08-03 09:00:00,32.2,32.5,32.1,32.3,18495876.59660427
2023-08-03 13:00:00,32.3,32.4,32.1,32.2,18083122.21582283
2023-08-03 17:00:00,32.2,32.4,32.1,32.3,12494562.24411502
2023-08-03 21:00:00,32.3,32.7,32.2,32.5,34090014.3690206
2023-08-04 01:00:00,32.5,32.6,32.3,32.3,4686498.80964712
2023-08-04 05:00:00,32.3,32.5,32.2,32.4,9607715.71764225
2023-08-04 09:00:00,32.4,32.5,32.2,32.5,26138589.75960421
2023-08-04 13:00:00,32.5,32.5,31.9,32.1,30083081.02612942
2023-08-04 17:00:00,32.1,32.3,32.0,32.1,12418816.9209456
2023-08-04 21:00:00,32.0,32.4,32.0,32.3,14967792.49370815
2023-08-05 01:00:00,32.4,32.4,32.0,32.1,6095200.23647977
2023-08-05 05:00:00,32.0,32.2,31.9,32.1,16170207.67883963
2023-08-05 09:00:00,32.2,32.4,31.9,32.4,36133255.85503504
2023-08-05 13:00:00,32.4,32.4,32.0,32.2,18464623.95702676
2023-08-05 17:00:00,32.2,32.3,32.1,32.2,12066868.82125432
2023-08-05 21:00:00,32.2,32.4,32.1,32.3,13902879.71520145
2023-08-06 01:00:00,32.4,32.5,32.2,32.4,5412032.03177799
2023-08-06 05:00:00,32.4,32.5,32.3,32.4,7120083.43902221
2023-08-06 09:00:00,32.4,32.5,32.1,32.4,17917235.24727163
2023-08-06 13:00:00,32.4,32.6,32.3,32.5,8989135.99859946
2023-08-06 17:00:00,32.5,32.6,32.3,32.5,11915996.92069108
2023-08-06 21:00:00,32.5,32.5,32.0,32.2,17257908.46228686
2023-08-07 01:00:00,32.1,32.3,31.9,32.0,6380996.92330343
2023-08-07 05:00:00,32.0,32.2,31.9,32.2,8709106.68745344
2023-08-07 09:00:00,32.2,32.4,32.0,32.3,17396491.21550996
2023-08-07 13:00:00,32.3,32.4,32.0,32.3,18325222.56036983
2023-08-07 17:00:00,32.3,32.3,32.0,32.3,12185513.65908174
2023-08-07 21:00:00,32.3,32.4,31.7,31.8,33726480.79407929
2023-08-08 01:00:00,31.8,32.2,31.3,31.8,16172120.28698095
2023-08-08 05:00:00,31.9,32.4,31.9,32.3,8540730.04320251
2023-08-08 09:00:00,32.4,32.4,31.9,32.1,17726745.24091464
2023-08-08 13:00:00,32.1,32.2,31.9,31.9,10818884.08661922
2023-08-08 17:00:00,31.9,32.1,31.7,32.1,11245959.96673253
2023-08-08 21:00:00,32.1,32.3,32.0,32.2,14428768.60957792
2023-08-09 01:00:00,32.1,32.3,32.1,32.2,931063.7909585
2023-08-09 05:00:00,32.2,32.6,32.1,32.5,18997261.20228141
2023-08-09 09:00:00,32.5,32.6,32.0,32.2,22994924.99834053
2023-08-09 13:00:00,32.2,32.4,32.1,32.2,8509022.27622828
2023-08-09 17:00:00,32.2,32.3,32.1,32.2,15813841.16426289
2023-08-09 21:00:00,32.3,32.5,32.2,32.2,22646345.35501867
2023-08-10 01:00:00,32.3,32.3,32.0,32.0,10397076.2732201
2023-08-10 05:00:00,32.0,32.2,32.0,32.1,5740769.53175217
2023-08-10 09:00:00,32.2,32.3,32.1,32.2,9198158.96349967
2023-08-10 13:00:00,32.2,32.3,32.1,32.1,7520513.34793207
2023-08-10 17:00:00,32.1,32.3,32.1,32.3,11410847.15920671
2023-08-10 21:00:00,32.3,32.5,32.2,32.2,16117940.27908242
2023-08-11 01:00:00,32.2,32.4,32.2,32.2,2471012.38118032
2023-08-11 05:00:00,32.3,32.4,32.2,32.3,5139422.61446024
2023-08-11 09:00:00,32.4,32.4,32.1,32.3,8679116.45406182
2023-08-11 13:00:00,32.3,32.3,32.0,32.2,9375237.35136404
2023-08-11 17:00:00,32.1,32.3,32.1,32.2,5993027.2033545
2023-08-11 21:00:00,32.3,32.3,32.1,32.2,6188870.27284688
2023-08-12 01:00:00,32.2,32.2,32.1,32.2,1680921.42900201
2023-08-12 05:00:00,32.1,32.4,32.1,32.3,4262661.36536355
2023-08-12 09:00:00,32.4,32.4,32.2,32.3,13259511.47537678
2023-08-12 13:00:00,32.2,32.4,32.2,32.3,4846004.06505064
2023-08-12 17:00:00,32.3,32.4,32.2,32.3,5049199.70619113
2023-08-12 21:00:00,32.3,32.4,32.2,32.3,6675458.40530739
2023-08-13 01:00:00,32.3,32.4,32.2,32.3,2710276.6596057
2023-08-13 05:00:00,32.3,32.4,32.2,32.3,4233458.84195399
2023-08-13 09:00:00,32.4,32.4,32.1,32.2,12179168.49984474
2023-08-13 13:00:00,32.2,32.3,32.1,32.2,6099635.36967419
2023-08-13 17:00:00,32.2,32.3,32.1,32.2,4357712.89103486
2023-08-13 21:00:00,32.2,32.3,32.0,32.2,13369537.83638442
2023-08-14 01:00:00,32.1,32.5,32.0,32.3,14299868.49689576
2023-08-14 05:00:00,32.3,32.5,32.1,32.1,11550069.58116768
2023-08-14 09:00:00,32.2,32.2,31.8,32.1,24622713.13675965
2023-08-14 13:00:00,32.1,32.3,32.1,32.2,8663583.69671995
2023-08-14 17:00:00,32.3,32.3,32.1,32.1,6745908.15528223
2023-08-14 21:00:00,32.2,32.4,32.1,32.3,8021175.83320759
2023-08-15 01:00:00,32.3,32.4,32.1,32.2,6792637.76600543
2023-08-15 05:00:00,32.2,32.4,32.1,32.3,3735596.48173937
2023-08-15 09:00:00,32.3,32.3,32.0,32.0,6769936.26723637
2023-08-15 13:00:00,32.1,32.2,32.0,32.2,9994354.81311726
2023-08-15 17:00:00,32.2,32.2,32.0,32.0,5816590.87255745
2023-08-15 21:00:00,32.0,32.2,31.9,32.1,6384590.2528148
2023-08-16 01:00:00,31.9,32.1,30.7,31.0,34917679.21171462
2023-08-16 05:00:00,30.9,31.2,30.5,30.7,27478084.21853599
2023-08-16 09:00:00,30.7,30.7,29.9,30.3,55642726.39305347
2023-08-16 13:00:00,30.3,30.4,29.6,29.6,30247115.06924844
2023-08-16 17:00:00,29.6,29.7,28.8,29.3,43382021.15303962
2023-08-16 21:00:00,29.3,29.5,28.8,29.3,18281399.00235581
2023-08-17 01:00:00,29.4,29.8,29.2,29.5,5857366.13424475
2023-08-17 05:00:00,29.6,29.6,28.4,29.0,36233952.65605246
2023-08-17 09:00:00,29.0,29.2,28.1,29.1,31905000.08434369
2023-08-17 13:00:00,29.1,29.3,29.0,29.2,7812093.82528375
2023-08-17 17:00:00,29.2,29.2,28.8,28.8,10173621.82254669
2023-08-17 21:00:00,28.8,29.0,27.8,28.0,34612440.64507625
2023-08-18 01:00:00,28.0,28.7,27.7,28.5,10112259.38950319
2023-08-18 05:00:00,28.6,28.6,25.2,26.3,95585081.72300357
2023-08-18 09:00:00,26.2,26.6,26.0,26.2,27457663.70203579
2023-08-18 13:00:00,26.2,26.9,26.0,26.8,22943112.07105874
2023-08-18 17:00:00,26.8,27.2,26.6,27.2,14719075.89636091
2023-08-18 21:00:00,27.2,27.2,26.3,26.7,16401941.2225877
2023-08-19 01:00:00,26.7,27.0,26.5,26.8,7492123.61596321
2023-08-19 05:00:00,26.9,27.3,26.8,27.2,9177767.32550508
2023-08-19 09:00:00,27.3,27.6,27.2,27.4,14025677.34197235
2023-08-19 13:00:00,27.4,27.6,27.2,27.5,10229468.60570218
2023-08-19 17:00:00,27.5,28.0,27.4,27.7,9705706.88490843
2023-08-19 21:00:00,27.8,27.9,27.6,27.8,7627069.92258824
2023-08-20 01:00:00,27.8,28.0,27.5,27.7,3606933.87691435
2023-08-20 05:00:00,27.7,28.0,27.5,27.8,2255542.57651154
2023-08-20 09:00:00,28.0,28.2,27.8,28.1,19437292.89457861
2023-08-20 13:00:00,28.1,28.2,27.9,28.0,9371814.24121019
2023-08-20 17:00:00,28.0,28.5,27.9,28.2,19564155.04476179
2023-08-20 21:00:00,28.2,28.3,27.6,27.8,11228049.73766806
2023-08-21 01:00:00,27.8,27.9,27.6,27.9,3635516.58758346
2023-08-21 05:00:00,27.9,28.1,27.8,28.0,3053704.63438181
2023-08-21 09:00:00,28.0,28.0,27.3,27.4,12967736.56214592
2023-08-21 13:00:00,27.4,27.5,27.1,27.2,11973680.2368817
2023-08-21 17:00:00,27.2,27.3,26.7,27.0,15863032.66636518
2023-08-21 21:00:00,27.1,27.3,26.7,26.8,14069148.09933468
2023-08-22 01:00:00,26.9,27.1,26.8,27.1,3507854.76025616
2023-08-22 05:00:00,27.1,27.2,27.0,27.1,8581565.17755124
2023-08-22 09:00:00,27.1,27.2,26.9,27.0,6854941.85878256
2023-08-22 13:00:00,27.0,27.0,26.8,27.0,6686687.47622226
2023-08-22 17:00:00,27.0,27.1,26.9,27.0,9035171.40487114
2023-08-22 21:00:00,26.9,27.1,26.7,26.7,6556066.73163318
2023-08-23 01:00:00,26.8,27.0,26.4,26.5,9041449.82757971
2023-08-23 05:00:00,26.6,27.2,26.1,27.0,8077512.67936456
2023-08-23 09:00:00,27.0,27.8,27.0,27.4,27238203.28485398
2023-08-23 13:00:00,27.4,27.6,27.3,27.5,10878809.14018697
2023-08-23 17:00:00,27.5,27.7,27.3,27.3,9172071.10572068
2023-08-23 21:00:00,27.3,27.5,27.1,27.5,10055538.11091777
2023-08-24 01:00:00,27.5,27.8,27.5,27.7,5602454.27648796
2023-08-24 05:00:00,27.6,27.8,27.4,27.4,7050589.07529904
2023-08-24 09:00:00,27.6,27.6,27.3,27.4,5177048.7658178
2023-08-24 13:00:00,27.4,27.6,27.3,27.6,4329435.41561814
2023-08-24 17:00:00,27.6,27.6,27.3,27.4,6162253.74825905
2023-08-24 21:00:00,27.3,27.4,26.8,27.0,8478900.40335077
2023-08-25 01:00:00,27.0,27.1,26.8,27.0,2816361.9432735
2023-08-25 05:00:00,26.9,27.0,26.6,26.8,5915224.18665744
2023-08-25 09:00:00,26.9,26.9,26.3,26.5,13086641.06526102
2023-08-25 13:00:00,26.6,26.9,26.3,26.8,11397768.5806223
2023-08-25 17:00:00,26.7,27.2,26.7,27.2,14329754.95690258
2023-08-25 21:00:00,27.2,27.3,26.8,27.1,11200806.47889223
2023-08-26 01:00:00,27.0,27.3,26.9,27.2,1366210.62725157
2023-08-26 05:00:00,27.2,27.3,27.1,27.1,1660249.46159098
2023-08-26 09:00:00,27.2,27.4,27.0,27.4,8757886.32991148
2023-08-26 13:00:00,27.4,27.4,27.2,27.3,7543356.978283
2023-08-26 17:00:00,27.3,27.4,27.1,27.2,4937061.25903958
2023-08-26 21:00:00,27.2,27.2,27.0,27.1,4104064.07524013
2023-08-27 01:00:00,27.1,27.1,26.9,27.0,1832502.57710901
2023-08-27 05:00:00,27.0,27.2,27.0,27.0,1620670.43196319
2023-08-27 09:00:00,27.1,27.4,27.0,27.1,4812882.11060536
2023-08-27 13:00:00,27.1,27.2,27.0,27.0,2227962.01258119
2023-08-27 17:00:00,27.1,27.1,26.9,26.9,5552929.08815151
2023-08-27 21:00:00,26.9,27.2,26.8,27.1,6133304.36771627
2023-08-28 01:00:00,27.0,27.1,26.8,26.9,5278234.41903456
2023-08-28 05:00:00,26.9,26.9,26.7,26.8,3009525.41792473
2023-08-28 09:00:00,26.9,26.9,26.4,26.5,11650044.18957579
2023-08-28 13:00:00,26.5,26.5,26.1,26.2,13393534.47644832
2023-08-28 17:00:00,26.2,26.7,26.1,26.4,9065365.67977848
2023-08-28 21:00:00,26.5,26.9,26.5,26.7,9438043.45928423
2023-08-29 01:00:00,26.7,26.7,26.4,26.5,3031540.44302232
2023-08-29 05:00:00,26.5,26.7,26.3,26.4,8880323.25548323
2023-08-29 09:00:00,26.5,26.7,26.2,26.3,9686661.05725865
2023-08-29 13:00:00,26.3,26.4,26.1,26.2,3774226.20493403
2023-08-29 17:00:00,26.3,26.3,25.7,25.9,15253380.34935854
2023-08-29 21:00:00,25.9,27.6,25.8,27.3,47363918.28799321
2023-08-30 01:00:00,27.3,27.6,27.2,27.4,9679394.79610909
2023-08-30 05:00:00,27.3,27.6,27.2,27.5,13491439.8253578
2023-08-30 09:00:00,27.5,27.6,26.9,27.1,18748630.76501765
2023-08-30 13:00:00,27.0,27.3,27.0,27.3,2285546.44206691
2023-08-30 17:00:00,27.2,27.4,27.0,27.0,7609853.66546781
2023-08-30 21:00:00,27.0,27.1,26.4,26.6,18403226.74905511
2023-08-31 01:00:00,26.6,26.7,26.4,26.6,1618508.44077154
2023-08-31 05:00:00,26.6,26.8,26.5,26.6,5707472.8339349
2023-08-31 09:00:00,26.8,26.8,25.9,26.1,22544789.88686585
2023-08-31 13:00:00,26.1,26.5,26.1,26.5,12321387.92700424
2023-08-31 17:00:00,26.3,26.6,26.1,26.5,5706723.77637207
2023-08-31 21:00:00,26.5,26.5,25.8,25.9,12619659.03882192
2023-09-01 01:00:00,25.9,25.9,25.0,25.6,23021363.27308499
2023-09-01 05:00:00,25.5,25.7,25.2,25.5,9040610.99255202
2023-09-01 09:00:00,25.5,25.6,25.2,25.5,8467147.07379912
2023-09-01 13:00:00,25.5,25.5,25.1,25.3,3418333.30252299
2023-09-01 17:00:00,25.3,25.4,25.3,25.4,2977791.45623851
2023-09-01 21:00:00,25.5,25.5,25.1,25.3,6012036.97163371
2023-09-02 01:00:00,25.3,25.3,25.0,25.1,5500701.19418326
2023-09-02 05:00:00,25.1,25.2,25.0,25.1,3140192.52195596
2023-09-02 09:00:00,25.1,25.3,24.6,24.8,29558256.83231624
2023-09-02 13:00:00,24.7,24.8,24.4,24.7,44315471.0905137
2023-09-02 17:00:00,24.7,24.8,24.4,24.7,9356251.90829181
2023-09-02 21:00:00,24.6,24.8,24.4,24.7,13315698.06308368
2023-09-03 01:00:00,24.7,24.9,24.4,24.9,10953653.96501891
2023-09-03 05:00:00,24.8,24.9,24.7,24.9,4988923.14264285
2023-09-03 09:00:00,24.9,25.0,24.7,25.0,13492023.56370226
2023-09-03 13:00:00,25.0,25.3,24.9,25.0,14189894.54189003
2023-09-03 17:00:00,24.9,24.9,24.6,24.7,6980983.4389287
2023-09-03 21:00:00,24.8,24.9,24.5,24.8,21594356.48099109
2023-09-04 01:00:00,24.7,24.8,24.5,24.7,1951853.67421968
2023-09-04 05:00:00,24.8,24.9,24.6,24.8,4155400.69717655
2023-09-04 09:00:00,24.8,25.3,24.8,25.1,12272721.61136731
2023-09-04 13:00:00,25.1,25.2,24.9,25.0,4910584.8858939
2023-09-04 17:00:00,25.0,25.2,24.7,24.7,3486020.81250477
2023-09-04 21:00:00,24.7,24.9,24.4,24.6,6813360.18437247
2023-09-05 01:00:00,24.6,24.6,24.5,24.6,1549626.97231854
2023-09-05 05:00:00,24.7,24.7,24.4,24.7,4296215.20449776
2023-09-05 09:00:00,24.7,24.7,24.4,24.6,10719500.61970864
2023-09-05 13:00:00,24.6,24.7,24.5,24.5,5249072.93608357
2023-09-05 17:00:00,24.6,25.1,24.6,25.1,13737096.9213683
2023-09-05 21:00:00,25.1,25.3,24.9,25.2,7981484.34620852
2023-09-06 01:00:00,25.3,25.4,25.0,25.0,3498040.76498084
2023-09-06 05:00:00,25.0,25.3,25.0,25.3,3162743.21193329
2023-09-06 09:00:00,25.3,25.4,25.1,25.2,8134122.98829049
2023-09-06 13:00:00,25.2,25.2,24.9,25.0,7334575.42573075
2023-09-06 17:00:00,25.0,25.3,25.0,25.2,4962956.88014296
2023-09-06 21:00:00,25.1,25.3,24.8,25.1,5071684.85834533
2023-09-07 01:00:00,25.0,25.4,24.6,25.0,8767445.12585322
2023-09-07 05:00:00,25.1,25.4,25.1,25.2,3755506.37220465
2023-09-07 09:00:00,25.4,25.4,25.1,25.3,4480809.35253579
2023-09-07 13:00:00,25.4,25.4,25.1,25.3,3818558.87134369
2023-09-07 17:00:00,25.3,25.3,25.0,25.0,2492623.4425325
2023-09-07 21:00:00,25.0,25.4,25.0,25.3,5618212.72017332
2023-09-08 01:00:00,25.4,25.6,25.3,25.4,3435500.62659478
2023-09-08 05:00:00,25.5,25.8,25.5,25.8,5897686.23523558
2023-09-08 09:00:00,25.8,26.0,25.6,25.7,8278569.76608434
2023-09-08 13:00:00,25.8,25.9,25.6,25.7,5156655.3351995
2023-09-08 17:00:00,25.7,25.9,25.4,25.6,22733993.75400557
2023-09-08 21:00:00,25.6,25.8,25.6,25.7,5024601.11593443
2023-09-09 01:00:00,25.7,25.7,25.6,25.7,2052940.44223757
2023-09-09 05:00:00,25.7,25.9,25.7,25.8,2923741.09406287
2023-09-09 09:00:00,25.8,25.9,25.7,25.9,3262956.70795909
2023-09-09 13:00:00,25.8,25.9,25.7,25.8,4044250.63995052
2023-09-09 17:00:00,25.9,25.9,25.7,25.7,1474131.04916737
2023-09-09 21:00:00,25.7,25.8,25.2,25.6,10319394.1829403
2023-09-10 01:00:00,25.7,25.8,25.6,25.7,2628389.73832263
2023-09-10 05:00:00,25.8,25.8,25.6,25.6,1718852.61321918
2023-09-10 09:00:00,25.7,25.7,25.3,25.3,9161592.96081817
2023-09-10 13:00:00,25.4,25.4,24.6,25.1,17289830.66279639
2023-09-10 17:00:00,25.0,25.1,24.9,25.0,7093554.61807413
2023-09-10 21:00:00,24.9,25.0,24.6,24.8,8813641.47617837
2023-09-11 01:00:00,24.9,24.9,24.6,24.9,7219437.02510523
2023-09-11 05:00:00,24.9,25.2,24.8,24.8,8493719.41922903
2023-09-11 09:00:00,24.9,25.0,24.5,24.7,9446527.40042292
2023-09-11 13:00:00,24.8,24.8,24.5,24.6,8286687.78747001
2023-09-11 17:00:00,24.6,24.6,23.6,23.9,36006106.78795022
2023-09-11 21:00:00,23.9,24.2,23.5,23.7,18908543.54994931
2023-09-12 01:00:00,23.6,23.8,23.2,23.5,6536467.05222474
2023-09-12 05:00:00,23.4,23.6,23.3,23.5,7872917.98400029
2023-09-12 09:00:00,23.5,24.2,23.4,24.1,10665711.9915015
2023-09-12 13:00:00,24.0,24.1,23.6,23.7,8955487.28819993
2023-09-12 17:00:00,23.7,25.4,23.7,24.6,119018559.04125331
2023-09-12 21:00:00,24.6,24.6,24.1,24.2,30267986.9058386
2023-09-13 01:00:00,24.1,24.4,23.7,23.8,14781472.12613803
2023-09-13 05:00:00,23.8,24.0,23.7,23.8,11124963.21989419
2023-09-13 09:00:00,23.9,24.2,23.7,24.2,21857681.91105689
2023-09-13 13:00:00,24.1,24.8,24.0,24.3,58000841.62116136
2023-09-13 17:00:00,24.3,24.6,24.2,24.3,9931057.12346612
2023-09-13 21:00:00,24.3,24.7,24.2,24.6,15733197.90206011
2023-09-14 01:00:00,24.6,24.8,24.4,24.5,5156566.83761752
2023-09-14 05:00:00,24.6,24.8,24.5,24.6,7822979.86255894
2023-09-14 09:00:00,24.6,25.1,24.5,24.6,27850417.02375143
2023-09-14 13:00:00,24.7,25.0,24.5,24.9,17984920.13831468
2023-09-14 17:00:00,24.9,25.1,24.7,25.1,12735399.06518867
2023-09-14 21:00:00,25.1,25.5,24.9,25.2,20612615.88878972
2023-09-15 01:00:00,25.3,25.4,25.1,25.3,3094161.2045869
2023-09-15 05:00:00,25.3,25.4,25.1,25.3,6156080.93674234
2023-09-15 09:00:00,25.3,25.6,25.1,25.5,20202437.09307378
2023-09-15 13:00:00,25.5,25.6,25.0,25.1,20870947.22261171
2023-09-15 17:00:00,25.0,25.4,25.0,25.2,11217984.73231754
2023-09-15 21:00:00,25.2,25.4,25.0,25.3,13692897.91106755
2023-09-16 01:00:00,25.3,25.4,25.2,25.4,3050517.18121317
2023-09-16 05:00:00,25.4,25.9,25.4,25.6,13284819.61982146
2023-09-16 09:00:00,25.7,26.4,25.6,26.1,49485905.36102479
2023-09-16 13:00:00,26.1,26.4,25.9,26.3,13165056.64447465
2023-09-16 17:00:00,26.3,26.5,26.1,26.3,16983541.24031603
2023-09-16 21:00:00,26.4,26.4,25.6,25.9,23940008.79107721
2023-09-17 01:00:00,25.9,26.1,25.8,25.9,4590027.63330353
2023-09-17 05:00:00,26.0,26.2,25.9,26.1,2516798.32785144
2023-09-17 09:00:00,26.1,26.1,25.5,25.6,28754442.67530833
2023-09-17 13:00:00,25.7,25.8,25.2,25.2,20021392.12934424
2023-09-17 17:00:00,25.2,25.7,25.1,25.6,15290136.0635105
2023-09-17 21:00:00,25.5,25.6,25.2,25.4,7762818.85425159
2023-09-18 01:00:00,25.3,25.3,24.9,25.0,7142974.58252234
2023-09-18 05:00:00,25.0,25.1,24.6,24.8,15959340.75096826
2023-09-18 09:00:00,24.9,25.1,24.5,25.0,17434320.9433451
2023-09-18 13:00:00,25.0,25.2,24.9,25.1,8553056.75948321
2023-09-18 17:00:00,25.2,25.5,25.0,25.4,13384727.75762842
2023-09-18 21:00:00,25.4,25.7,25.2,25.3,14754975.23457227
2023-09-19 01:00:00,25.3,25.4,24.9,25.1,7632585.30464853
2023-09-19 05:00:00,25.1,25.1,24.9,24.9,7301196.70544357
2023-09-19 09:00:00,25.0,25.0,24.6,25.0,19408746.7217592
2023-09-19 13:00:00,25.0,25.1,24.9,25.1,6459533.05420591
2023-09-19 17:00:00,25.1,25.5,25.0,25.3,11202653.39830808
2023-09-19 21:00:00,25.3,25.6,25.1,25.4,11974950.84321277
2023-09-20 01:00:00,25.4,25.5,25.3,25.4,4279769.69241168
2023-09-20 05:00:00,25.4,25.6,25.4,25.6,6820380.51777992
2023-09-20 09:00:00,25.6,25.9,25.4,25.7,36185374.10599178
2023-09-20 13:00:00,25.7,25.9,25.6,25.9,13623818.17594105
2023-09-20 17:00:00,25.9,26.3,25.7,25.9,36236094.97878827
2023-09-20 21:00:00,25.9,26.3,25.9,26.2,39695947.04597565
2023-09-21 01:00:00,26.2,26.3,25.8,25.9,13228352.18866989
2023-09-21 05:00:00,26.0,26.5,26.0,26.4,19937008.24254033
2023-09-21 09:00:00,26.4,26.5,26.0,26.1,26725057.92504108
2023-09-21 13:00:00,26.1,26.4,26.0,26.2,19279856.6655654
2023-09-21 17:00:00,26.1,26.2,25.4,25.7,33057753.67854563
2023-09-21 21:00:00,25.7,25.9,25.4,25.8,11244390.08390033
2023-09-22 01:00:00,25.9,25.9,25.7,25.8,3208357.89110192
2023-09-22 05:00:00,25.7,25.9,25.5,25.6,5859262.16064338
2023-09-22 09:00:00,25.8,25.9,25.5,25.7,10871418.59300673
2023-09-22 13:00:00,25.7,26.0,25.7,25.9,14730188.72965089
2023-09-22 17:00:00,25.9,26.1,25.9,26.0,19564230.73640896
2023-09-22 21:00:00,25.9,26.2,25.8,26.1,23366366.53105606
2023-09-23 01:00:00,26.1,26.2,26.0,26.1,8203421.09117059
2023-09-23 05:00:00,26.1,26.4,26.0,26.4,9861014.17740973
2023-09-23 09:00:00,26.4,26.4,26.2,26.4,27441668.7523604
2023-09-23 13:00:00,26.3,26.5,26.2,26.3,23448794.04659872
2023-09-23 17:00:00,26.3,27.3,26.2,27.2,28637170.5424887
2023-09-23 21:00:00,27.3,27.7,26.7,26.9,77515581.1235904
2023-09-24 01:00:00,27.0,27.0,26.6,26.9,12648251.18170075
2023-09-24 05:00:00,26.9,27.5,26.8,27.4,12282081.93637768
2023-09-24 09:00:00,27.4,27.4,26.8,26.8,42671223.81683189
2023-09-24 13:00:00,26.8,27.2,26.6,26.9,16050564.71836323
2023-09-24 17:00:00,26.9,27.2,26.8,26.9,9574416.2179442
2023-09-24 21:00:00,26.9,27.0,26.7,26.8,19349385.05573471
2023-09-25 01:00:00,26.8,27.0,26.7,26.7,4523530.95397553
2023-09-25 05:00:00,26.7,26.7,26.0,26.3,20947291.57022702
2023-09-25 09:00:00,26.3,26.5,25.8,26.1,41322081.06050812
2023-09-25 13:00:00,26.2,26.3,25.8,26.0,9234161.06072878
2023-09-25 17:00:00,26.0,26.1,25.6,25.8,33590320.67493852
2023-09-25 21:00:00,25.8,26.3,25.7,26.3,16937679.89604373
2023-09-26 01:00:00,26.3,26.4,26.0,26.3,6637816.33561101
2023-09-26 05:00:00,26.3,26.4,26.1,26.3,4834574.78745925
2023-09-26 09:00:00,26.4,26.7,26.1,26.5,18183992.46156937
2023-09-26 13:00:00,26.6,26.6,26.3,26.4,13314009.37413633
2023-09-26 17:00:00,26.3,26.4,26.0,26.3,8395178.86306586
2023-09-26 21:00:00,26.3,26.4,26.0,26.0,6211886.88211888
2023-09-27 01:00:00,26.0,26.2,25.8,26.0,2669207.3444543
2023-09-27 05:00:00,26.0,26.1,25.6,26.1,11083306.59428236
2023-09-27 09:00:00,26.1,26.1,25.9,26.0,6669996.56589587
2023-09-27 13:00:00,26.0,26.0,25.8,25.9,10758171.6162007
2023-09-27 17:00:00,25.9,26.2,25.8,26.2,27949596.07177043
2023-09-27 21:00:00,26.2,26.3,25.6,25.8,26444781.55810505
2023-09-28 01:00:00,25.8,25.9,25.7,25.9,3842452.42720303
2023-09-28 05:00:00,25.9,26.1,25.8,26.0,9457788.83500043
2023-09-28 09:00:00,26.1,26.3,25.8,25.9,18175926.79351092
2023-09-28 13:00:00,25.8,26.3,25.8,26.1,22055760.53261179
2023-09-28 17:00:00,26.2,26.3,26.0,26.1,10429544.2775449
2023-09-28 21:00:00,26.1,26.4,26.0,26.2,19596572.52612025
2023-09-29 01:00:00,26.3,26.4,26.2,26.3,8225982.2205497
2023-09-29 05:00:00,26.3,26.4,26.0,26.4,8761442.90103963
2023-09-29 09:00:00,26.4,26.6,26.2,26.2,43707136.43883392
2023-09-29 13:00:00,26.3,26.9,26.2,26.8,26369917.48716267
2023-09-29 17:00:00,26.7,26.9,26.5,26.7,24407476.29459214
2023-09-29 21:00:00,26.7,26.7,26.1,26.4,39374121.34739227
2023-09-30 01:00:00,26.5,26.5,26.2,26.5,5703005.35210813
2023-09-30 05:00:00,26.3,26.6,26.3,26.6,7577369.00465059
2023-09-30 09:00:00,26.6,26.9,26.4,26.7,34950367.34019239
2023-09-30 13:00:00,26.7,26.9,26.6,26.8,21488942.32934039
2023-09-30 17:00:00,26.7,26.9,26.6,26.8,17991687.97683527
2023-09-30 21:00:00,26.8,27.2,26.7,27.1,23739231.69768342
2023-10-01 01:00:00,27.1,27.1,26.9,27.0,4813314.32043334
2023-10-01 05:00:00,27.0,27.1,26.8,27.1,11276825.32129334
2023-10-01 09:00:00,27.1,27.7,27.0,27.5,60699603.84281634
2023-10-01 13:00:00,27.5,27.6,27.3,27.4,21535395.0178465
2023-10-01 17:00:00,27.4,27.7,27.4,27.6,26434820.1175379
2023-10-01 21:00:00,27.6,27.6,27.3,27.5,15113951.3149902
2023-10-02 01:00:00,27.5,27.5,27.2,27.4,6002129.99370972
2023-10-02 05:00:00,27.4,28.0,27.3,27.9,27550017.3544791
2023-10-02 09:00:00,27.9,28.4,27.6,27.9,76628118.90819126
2023-10-02 13:00:00,27.9,28.0,27.6,27.9,22727955.52644135
2023-10-02 17:00:00,27.9,28.0,27.7,27.7,13744389.52386403
2023-10-02 21:00:00,27.7,27.9,27.1,27.1,34454407.86494419
2023-10-03 01:00:00,27.1,27.7,26.7,27.2,29478970.12963424
2023-10-03 05:00:00,27.1,27.2,26.8,27.1,14857204.17019838
2023-10-03 09:00:00,27.1,27.6,27.0,27.5,22825518.43904409
2023-10-03 13:00:00,27.4,27.7,27.2,27.2,27280616.63064654
2023-10-03 17:00:00,27.3,27.6,27.2,27.4,12820231.78821063
2023-10-03 21:00:00,27.4,27.4,26.7,26.7,20122611.30403462
2023-10-04 01:00:00,26.7,27.0,26.4,26.5,7222986.55217006
2023-10-04 05:00:00,26.4,26.6,26.3,26.3,14571222.85469163
2023-10-04 09:00:00,26.3,26.4,25.4,25.8,48669031.51749209
2023-10-04 13:00:00,25.8,26.0,25.6,25.9,12310877.48548357
2023-10-04 17:00:00,25.8,26.1,25.7,25.8,8117368.92858581
2023-10-04 21:00:00,25.8,25.9,25.5,25.6,7213051.3103344
2023-10-05 01:00:00,25.6,25.9,25.5,25.8,3547874.76033051
2023-10-05 05:00:00,25.8,26.1,25.8,25.9,5699853.95873279
2023-10-05 09:00:00,26.1,26.2,25.8,25.8,8452499.19735988
2023-10-05 13:00:00,25.8,26.1,25.5,25.8,14472667.61543378
2023-10-05 17:00:00,25.7,26.0,25.6,26.0,5713774.57577721
2023-10-05 21:00:00,26.0,26.1,25.6,25.8,24442269.57382852
2023-10-06 01:00:00,25.8,25.9,25.6,25.8,6127855.58033067
2023-10-06 05:00:00,25.9,25.9,25.7,25.7,4343601.17056502
2023-10-06 09:00:00,25.8,26.0,25.6,25.9,10407488.9223465
2023-10-06 13:00:00,25.9,26.1,25.8,26.0,11511501.65141359
2023-10-06 17:00:00,26.0,28.1,26.0,27.3,257824814.31724623
2023-10-06 21:00:00,27.4,28.0,26.7,26.9,262177116.236926
2023-10-07 01:00:00,26.9,27.1,26.7,26.8,22352206.72167198
2023-10-07 05:00:00,26.7,27.1,26.7,27.0,44729486.06404887
2023-10-07 09:00:00,27.1,27.2,26.6,26.9,55189792.05603643
2023-10-07 13:00:00,26.9,27.7,26.8,27.4,74190445.09553649
2023-10-07 17:00:00,27.4,27.4,26.9,26.9,27449378.95666272
2023-10-07 21:00:00,26.9,27.0,26.7,26.8,19146971.89910232
2023-10-08 01:00:00,26.8,27.0,26.7,27.0,8576219.16991523
2023-10-08 05:00:00,26.9,27.3,26.9,27.3,7894799.17360213
2023-10-08 09:00:00,27.2,27.2,26.8,27.0,32680441.61371692
2023-10-08 13:00:00,27.0,27.1,26.8,27.0,19154073.45105815
2023-10-08 17:00:00,27.0,27.1,26.5,26.6,25521453.03506638
2023-10-08 21:00:00,26.6,27.2,26.5,27.2,21119563.73670466
2023-10-09 01:00:00,27.1,27.5,27.1,27.4,19462399.14864829
2023-10-09 05:00:00,27.4,27.6,27.3,27.6,16757180.78552181
2023-10-09 09:00:00,27.6,27.6,27.2,27.5,35694786.45015391
2023-10-09 13:00:00,27.5,27.7,27.0,27.0,19877603.54987043
2023-10-09 17:00:00,27.0,27.1,25.9,26.1,66377025.26408933
2023-10-09 21:00:00,26.0,26.3,25.9,26.1,47178828.45501486
2023-10-10 01:00:00,26.0,26.1,25.6,26.1,20423126.54159598
2023-10-10 05:00:00,26.0,26.1,25.9,26.0,13492527.22388529
2023-10-10 09:00:00,26.1,26.1,25.6,25.9,27257408.47812236
2023-10-10 13:00:00,25.9,26.2,25.8,26.1,8623208.88608096
2023-10-10 17:00:00,26.1,26.2,25.8,25.9,14593052.09497257
2023-10-10 21:00:00,25.9,26.0,25.6,25.8,15912121.40349074
2023-10-11 01:00:00,25.9,25.9,25.7,25.9,8288530.02201046
2023-10-11 05:00:00,25.8,26.1,25.6,26.0,6521523.97240013
2023-10-11 09:00:00,26.1,26.1,25.2,25.2,32762083.5554837
2023-10-11 13:00:00,25.3,25.6,25.2,25.5,10371946.54306484
2023-10-11 17:00:00,25.5,25.8,25.4,25.5,13573625.76050166
2023-10-11 21:00:00,25.5,25.7,25.3,25.4,12419670.52100483
2023-10-12 01:00:00,25.3,25.7,25.2,25.7,7951236.38415989
2023-10-12 05:00:00,25.7,25.8,25.6,25.6,6682113.65101742
2023-10-12 09:00:00,25.7,25.7,25.1,25.3,14688009.7085159
2023-10-12 13:00:00,25.3,25.5,25.2,25.3,5196144.4625143
2023-10-12 17:00:00,25.3,25.4,25.1,25.2,10626371.29189069
2023-10-12 21:00:00,25.2,25.7,25.2,25.3,33548231.93271377
2023-10-13 01:00:00,25.4,25.5,25.2,25.3,6311800.67392365
2023-10-13 05:00:00,25.4,25.6,25.3,25.6,8645788.57724897
2023-10-13 09:00:00,25.7,25.8,25.5,25.5,27320704.60406671
2023-10-13 13:00:00,25.5,25.7,25.4,25.7,16095921.23176414
2023-10-13 17:00:00,25.7,25.9,25.6,25.9,21191640.1744217
2023-10-13 21:00:00,25.9,26.0,25.7,25.8,8252003.75532865
2023-10-14 01:00:00,25.8,25.9,25.7,25.8,3340495.70197012
2023-10-14 05:00:00,25.9,26.1,25.8,26.0,14354197.91747522
2023-10-14 09:00:00,26.0,26.3,25.8,26.3,28661458.9749884
2023-10-14 13:00:00,26.2,26.6,26.1,26.5,23072647.04256669
2023-10-14 17:00:00,26.5,26.8,26.2,26.6,37553041.57321071
2023-10-14 21:00:00,26.6,26.6,26.3,26.5,21514928.05183219
2023-10-15 01:00:00,26.5,26.6,26.3,26.4,7761643.15033074
2023-10-15 05:00:00,26.4,26.6,26.3,26.5,6595563.31794001
2023-10-15 09:00:00,26.5,26.8,26.2,26.7,37006575.0238138
2023-10-15 13:00:00,26.7,27.4,26.6,27.2,83396523.4585392
2023-10-15 17:00:00,27.2,27.4,26.8,26.9,50532374.35768731
2023-10-15 21:00:00,26.9,27.0,26.4,26.7,56350152.00337806
2023-10-16 01:00:00,26.7,26.9,26.5,26.7,16927863.2027765
2023-10-16 05:00:00,26.8,26.9,26.6,26.8,19253066.30173471
2023-10-16 09:00:00,26.8,27.6,26.6,27.6,78906683.21506786
2023-10-16 13:00:00,27.6,27.8,27.0,27.3,69997727.49358349
2023-10-16 17:00:00,27.3,27.3,27.0,27.2,29851902.68179886
2023-10-16 21:00:00,27.2,27.8,26.6,26.8,84151931.77470054
2023-10-17 01:00:00,26.8,27.2,26.8,27.2,12309007.1099236
2023-10-17 05:00:00,27.1,27.3,26.9,27.2,16866555.60115619
2023-10-17 09:00:00,27.2,27.3,26.9,27.0,35703829.55280473
2023-10-17 13:00:00,27.1,27.1,26.7,26.9,30539625.09619098
2023-10-17 17:00:00,26.8,27.0,26.7,26.8,27464835.37109623
2023-10-17 21:00:00,26.8,26.9,26.4,26.9,61887859.15383922
2023-10-18 01:00:00,26.9,27.0,26.6,26.9,11726491.56323263
2023-10-18 05:00:00,26.8,27.7,26.7,27.7,31687622.49770118
2023-10-18 09:00:00,27.6,27.7,26.8,26.9,70563780.06352314
2023-10-18 13:00:00,26.9,27.4,26.9,27.1,27829321.54681134
2023-10-18 17:00:00,27.1,27.4,27.0,27.1,21729427.77979551
2023-10-18 21:00:00,27.1,27.1,26.7,27.0,27374624.72600292
2023-10-19 01:00:00,27.0,27.1,26.7,26.9,8427089.8615508
2023-10-19 05:00:00,26.9,27.0,26.7,27.0,14929935.56660345
2023-10-19 09:00:00,26.9,27.2,26.1,26.3,59678731.18353436
2023-10-19 13:00:00,26.3,26.4,26.0,26.1,22002386.31696967
2023-10-19 17:00:00,26.1,26.2,25.9,26.0,30061390.75050039
2023-10-19 21:00:00,26.0,26.3,26.0,26.2,13474357.87043617
2023-10-20 01:00:00,26.2,26.3,26.1,26.3,6786296.48093576
2023-10-20 05:00:00,26.3,26.4,26.0,26.4,22074256.43591391
2023-10-20 09:00:00,26.4,26.8,26.0,26.7,35744135.1062292
2023-10-20 13:00:00,26.7,26.9,26.6,26.7,16362906.85307082
2023-10-20 17:00:00,26.8,27.2,26.8,26.9,26667508.69447539
2023-10-20 21:00:00,27.0,27.1,26.6,27.0,26896094.29456098
2023-10-21 01:00:00,27.0,27.1,26.9,27.1,13562175.85970292
2023-10-21 05:00:00,27.0,27.4,27.0,27.4,20570747.6537824
2023-10-21 09:00:00,27.4,27.4,27.0,27.3,39203781.02430961
2023-10-21 13:00:00,27.3,27.6,27.2,27.5,19089491.22202053
2023-10-21 17:00:00,27.5,27.8,27.2,27.7,30480649.75990239
2023-10-21 21:00:00,27.7,28.2,27.6,28.2,58200387.86933359
2023-10-22 01:00:00,28.2,28.6,28.1,28.6,30389832.07594623
2023-10-22 05:00:00,28.6,29.1,28.3,28.6,40144873.97885618
2023-10-22 09:00:00,28.6,28.6,28.0,28.3,62340175.03337444
2023-10-22 13:00:00,28.4,28.8,27.7,27.9,46078239.89226373
2023-10-22 17:00:00,28.0,28.3,27.6,28.1,30150651.78717027
2023-10-22 21:00:00,28.2,28.4,28.0,28.2,18723502.88588079
2023-10-23 01:00:00,28.2,28.6,28.2,28.5,14420008.87513167
2023-10-23 05:00:00,28.5,29.2,28.3,29.0,44562696.29845066
2023-10-23 09:00:00,29.1,29.3,28.7,28.8,56144094.93843883
2023-10-23 13:00:00,28.8,28.9,28.2,28.3,40009039.14346582
2023-10-23 17:00:00,28.3,28.7,28.0,28.5,37056323.99885347
2023-10-23 21:00:00,28.5,28.8,28.4,28.6,52347377.95100468
2023-10-24 01:00:00,28.6,29.1,28.5,29.1,16248268.64499039
2023-10-24 05:00:00,29.1,30.0,29.0,29.8,64226696.58795372
2023-10-24 09:00:00,29.8,30.6,29.3,29.7,133309586.06128529
2023-10-24 13:00:00,29.6,30.1,28.8,29.3,90851084.3604108
2023-10-24 17:00:00,29.3,30.0,29.2,30.0,36670876.2672789
2023-10-24 21:00:00,29.9,30.0,28.7,29.0,82173363.64511414
2023-10-25 01:00:00,29.1,29.6,28.9,29.3,15154209.03683139
2023-10-25 05:00:00,29.3,29.9,29.1,29.6,26862184.23212086
2023-10-25 09:00:00,29.7,31.7,29.5,30.4,183602776.1269497
2023-10-25 13:00:00,30.5,30.8,29.5,29.9,79279146.49781036
2023-10-25 17:00:00,29.9,30.3,29.5,30.1,45383283.48092914
2023-10-25 21:00:00,30.1,30.7,30.0,30.6,51363456.12043997
2023-10-26 01:00:00,30.5,30.7,30.0,30.3,24304739.31495458
2023-10-26 05:00:00,30.2,30.5,30.1,30.3,25586561.56196206
2023-10-26 09:00:00,30.5,30.7,30.1,30.6,53227406.5267906
2023-10-26 13:00:00,30.7,30.7,29.7,30.5,60149665.35825373
2023-10-26 17:00:00,30.5,30.5,29.5,29.8,58685515.20253115
2023-10-26 21:00:00,29.8,30.3,28.7,29.1,80737912.80953437
2023-10-27 01:00:00,29.0,29.5,28.8,29.4,8055833.2328779
2023-10-27 05:00:00,29.4,30.0,29.4,29.8,19141588.40962109
2023-10-27 09:00:00,29.8,29.8,28.8,29.2,45571455.76868707
2023-10-27 13:00:00,29.3,29.6,29.1,29.3,21424017.93745558
2023-10-27 17:00:00,29.3,29.6,29.2,29.5,13292993.2543724
2023-10-27 21:00:00,29.5,29.7,29.1,29.5,17808626.85979537
2023-10-28 01:00:00,29.5,29.6,28.9,29.3,13473428.47361443
2023-10-28 05:00:00,29.3,29.6,29.2,29.5,11512164.33307092
2023-10-28 09:00:00,29.5,31.1,29.4,30.0,230976322.9094786
2023-10-28 13:00:00,30.0,30.3,29.9,30.2,28768648.00822775
2023-10-28 17:00:00,30.2,30.5,30.1,30.2,28737236.08540253
2023-10-28 21:00:00,30.3,30.5,30.1,30.3,39722002.11714404
2023-10-29 01:00:00,30.3,30.5,30.2,30.3,8717443.12089134
2023-10-29 05:00:00,30.3,30.5,30.2,30.2,10609860.95828741
2023-10-29 09:00:00,30.4,30.4,29.8,30.0,48903668.1441622
2023-10-29 13:00:00,30.0,30.3,29.9,30.2,12595793.33078943
2023-10-29 17:00:00,30.2,30.4,30.1,30.3,19086377.09629361
2023-10-29 21:00:00,30.3,31.3,30.2,30.7,72244051.10768119
2023-10-30 01:00:00,30.8,31.0,30.6,30.7,19870956.4649753
2023-10-30 05:00:00,30.8,31.1,30.6,30.8,15372217.1428495
2023-10-30 09:00:00,30.8,31.4,30.5,31.1,54763102.7257738
2023-10-30 13:00:00,31.1,31.2,30.7,30.8,44619953.40139088
2023-10-30 17:00:00,30.8,31.3,30.7,31.3,43058154.10151
2023-10-30 21:00:00,31.3,31.3,31.0,31.1,34941332.70317832
2023-10-31 01:00:00,31.1,31.1,30.5,31.1,25078645.50495519
2023-10-31 05:00:00,31.0,31.4,31.0,31.3,20723242.40879786
2023-10-31 09:00:00,31.4,31.7,31.0,31.1,39900180.78132544
2023-10-31 13:00:00,31.1,31.2,30.7,30.7,30181649.66287695
2023-10-31 17:00:00,30.7,31.1,30.2,30.8,50182209.7686146
2023-10-31 21:00:00,30.8,30.9,29.3,29.6,83345284.4125546
2023-11-01 01:00:00,29.6,30.6,29.5,30.3,34358268.15524998
2023-11-01 05:00:00,30.3,31.2,30.2,31.0,49932112.40680667
2023-11-01 09:00:00,31.1,31.6,30.5,30.7,121097306.37198618
2023-11-01 13:00:00,30.7,31.2,30.6,31.1,37724546.608256
2023-11-01 17:00:00,31.0,31.5,30.9,31.2,61312389.45916839
2023-11-01 21:00:00,31.3,32.8,31.0,31.4,407627393.97043455
2023-11-02 01:00:00,31.4,32.4,31.3,31.9,37802258.59308182
2023-11-02 05:00:00,32.0,32.7,32.0,32.7,46371908.60689499
2023-11-02 09:00:00,32.6,32.7,32.0,32.3,79717986.85045362
2023-11-02 13:00:00,32.4,32.5,31.8,32.2,47354864.3818947
2023-11-02 17:00:00,32.2,33.3,32.1,32.8,85297336.73611511
2023-11-02 21:00:00,32.7,32.9,31.7,31.8,94768548.43364002
2023-11-03 01:00:00,31.8,32.6,31.4,32.6,22454983.18216707
2023-11-03 05:00:00,32.4,32.6,32.1,32.3,20454328.1399724
2023-11-03 09:00:00,32.4,32.4,31.0,31.2,81758937.61152758
2023-11-03 13:00:00,31.1,31.2,30.3,31.0,89942302.62102054
2023-11-03 17:00:00,31.0,31.3,30.5,31.0,43415416.65375001
2023-11-03 21:00:00,30.9,31.7,30.7,31.5,58377556.19536412
2023-11-04 01:00:00,31.5,31.6,31.1,31.5,23335837.0457893
2023-11-04 05:00:00,31.4,31.7,31.3,31.6,11654237.15890517
2023-11-04 09:00:00,31.6,32.1,31.5,31.7,67081576.90486255
2023-11-04 13:00:00,31.7,32.1,31.3,31.9,52444443.80315379
2023-11-04 17:00:00,31.8,32.3,31.7,31.9,47520160.44863368
2023-11-04 21:00:00,31.9,32.5,31.8,32.3,54003931.35575483
2023-11-05 01:00:00,32.4,32.6,32.3,32.5,15072901.35954517
2023-11-05 05:00:00,32.4,32.8,32.4,32.7,19496778.50636396
2023-11-05 09:00:00,32.8,32.9,32.2,32.7,64290118.77023925
2023-11-05 13:00:00,32.7,32.8,32.2,32.6,44715303.78559921
2023-11-05 17:00:00,32.7,32.9,32.4,32.7,52286141.74699745
2023-11-05 21:00:00,32.9,33.3,32.0,32.2,63254623.65971585
2023-11-06 01:00:00,32.2,33.4,32.2,32.6,18767231.86147486
2023-11-06 05:00:00,32.6,33.1,32.3,32.7,17869928.5691012
2023-11-06 09:00:00,32.8,32.8,31.8,32.4,91637267.46601412
2023-11-06 13:00:00,32.4,32.4,31.5,32.0,35637772.37824837
2023-11-06 17:00:00,32.0,32.5,31.8,32.4,20802419.99636022
2023-11-06 21:00:00,32.5,32.8,32.0,32.4,36674986.05303011
2023-11-07 01:00:00,32.5,32.8,32.3,32.8,12297858.69040777
2023-11-07 05:00:00,32.9,33.4,32.7,33.2,24374272.02547803
2023-11-07 09:00:00,33.2,33.2,32.4,32.9,44852887.64518984
2023-11-07 13:00:00,32.9,33.0,32.6,32.9,21908141.1235507
2023-11-07 17:00:00,32.9,33.0,32.1,32.5,50216002.74398956
2023-11-07 21:00:00,32.5,32.6,31.9,32.1,35428494.48328021
2023-11-08 01:00:00,32.1,32.8,31.8,32.6,13055181.26592844
2023-11-08 05:00:00,32.6,32.8,32.3,32.6,16228726.15932499
2023-11-08 09:00:00,32.6,32.6,32.2,32.3,24960899.96395774
2023-11-08 13:00:00,32.3,33.6,32.2,33.4,76724846.04968414
2023-11-08 17:00:00,33.3,33.7,33.1,33.3,65884249.80722075
2023-11-08 21:00:00,33.3,33.8,33.1,33.6,70196945.26953302
2023-11-09 01:00:00,33.7,34.5,33.6,34.0,81192943.7961709
2023-11-09 05:00:00,33.9,34.2,33.9,34.1,31343420.54929227
2023-11-09 09:00:00,34.1,35.3,33.9,34.6,134915259.6021934
2023-11-09 13:00:00,34.7,35.4,34.2,34.9,135339937.80776703
2023-11-09 17:00:00,34.8,35.0,34.3,34.8,64023195.49202274
2023-11-09 21:00:00,34.8,35.2,33.9,34.7,129652815.36848204
2023-11-10 01:00:00,34.7,34.9,32.0,32.8,104726421.0074908
2023-11-10 05:00:00,32.8,34.5,32.5,34.4,43439419.27289975
2023-11-10 09:00:00,34.4,35.3,33.9,34.6,71353005.53466588
2023-11-10 13:00:00,34.6,34.8,34.0,34.5,52996239.52442104
2023-11-10 17:00:00,34.4,35.1,33.6,34.8,77184876.37067133
2023-11-10 21:00:00,34.9,34.9,33.4,33.7,73224254.13442972
2023-11-11 01:00:00,33.7,34.5,33.6,34.5,26125655.81993244
2023-11-11 05:00:00,34.5,35.1,34.3,35.1,28725669.90619963
2023-11-11 09:00:00,35.1,35.1,33.8,33.9,79279171.6296115
2023-11-11 13:00:00,33.9,34.3,33.3,34.1,52678952.42508072
2023-11-11 17:00:00,34.1,34.4,33.9,34.3,25913210.02724162
2023-11-11 21:00:00,34.3,35.1,34.1,34.9,43379865.75092383
2023-11-12 01:00:00,34.9,35.5,34.6,35.4,25177021.29468789
2023-11-12 05:00:00,35.4,35.5,34.9,35.3,30098251.44387401
2023-11-12 09:00:00,35.4,36.1,34.0,35.9,121759017.28206536
2023-11-12 13:00:00,35.9,36.0,35.0,35.7,63363741.82902688
2023-11-12 17:00:00,35.7,35.8,35.3,35.5,39079356.6976076
2023-11-12 21:00:00,35.5,35.7,34.8,35.3,47707749.97492514
2023-11-13 01:00:00,35.2,35.4,34.9,35.2,11997066.27396159
2023-11-13 05:00:00,35.2,35.6,35.0,35.2,24345997.45038034
2023-11-13 09:00:00,35.3,35.8,34.7,34.8,52381122.86206764
2023-11-13 13:00:00,34.8,35.4,34.6,35.1,49532116.36228179
2023-11-13 17:00:00,35.1,35.7,34.9,35.1,44764715.48673231
2023-11-13 21:00:00,35.1,35.4,34.6,35.2,52012642.08043146
2023-11-14 01:00:00,35.1,35.5,34.9,35.5,15536176.37452693
2023-11-14 05:00:00,35.5,35.5,34.3,34.5,56830614.14484239
2023-11-14 09:00:00,34.4,34.6,33.7,34.4,67979026.24741611
2023-11-14 13:00:00,34.5,34.9,34.3,34.9,38991895.30415553
2023-11-14 17:00:00,34.8,35.3,33.9,34.3,64700736.95362877
2023-11-14 21:00:00,34.3,34.9,34.1,34.5,50749370.92854123
2023-11-15 01:00:00,34.5,34.7,33.6,33.6,41078139.63136425
2023-11-15 05:00:00,33.6,34.3,33.5,34.2,22767166.57630049
2023-11-15 09:00:00,34.3,34.3,33.2,33.3,45682661.58962052
2023-11-15 13:00:00,33.3,34.3,33.0,34.1,30829043.45595949
2023-11-15 17:00:00,34.1,34.8,34.1,34.8,33218113.06529775
2023-11-15 21:00:00,34.8,34.8,34.2,34.7,29414879.87070772
2023-11-16 01:00:00,34.7,35.1,34.5,35.0,20326477.40954772
2023-11-16 05:00:00,35.1,35.2,34.8,35.1,31776161.32622666
2023-11-16 09:00:00,35.1,35.5,34.8,35.4,43460393.0801302
2023-11-16 13:00:00,35.4,35.8,35.3,35.6,39961100.8487412
2023-11-16 17:00:00,35.6,35.7,34.3,35.3,63778308.89855987
2023-11-16 21:00:00,35.2,35.3,34.2,34.5,64557109.44525162
2023-11-17 01:00:00,34.5,34.6,33.7,34.1,26251808.77262931
2023-11-17 05:00:00,34.2,34.5,33.9,34.2,22021541.33953874
2023-11-17 09:00:00,34.3,34.7,34.0,34.5,31687717.10014076
2023-11-17 13:00:00,34.4,35.5,34.2,35.4,64793550.867269
2023-11-17 17:00:00,35.4,35.8,34.4,34.6,124367070.30430783
2023-11-17 21:00:00,34.6,34.9,33.0,33.2,80161640.03253452
2023-11-18 01:00:00,33.1,34.2,33.1,34.0,19845424.76803729
2023-11-18 05:00:00,34.0,35.0,33.8,34.8,36753631.34701215
2023-11-18 09:00:00,34.8,37.7,34.5,36.4,1019490731.4909902
2023-11-18 13:00:00,36.4,38.2,34.1,35.9,636915906.8700813
2023-11-18 17:00:00,35.9,36.3,35.2,36.0,216514434.6294382
2023-11-18 21:00:00,36.0,36.6,35.2,35.6,148588117.7269131
2023-11-19 01:00:00,35.7,36.2,35.6,36.0,39029437.34804948
2023-11-19 05:00:00,35.9,36.2,35.7,36.1,40234853.88483861
2023-11-19 09:00:00,36.0,36.1,34.3,35.0,151747299.70080122
2023-11-19 13:00:00,34.9,35.1,34.4,34.8,76000556.15543693
2023-11-19 17:00:00,34.7,35.0,34.3,34.6,72443057.63273881
2023-11-19 21:00:00,34.5,34.8,34.3,34.6,46684054.41126062
2023-11-20 01:00:00,34.6,35.2,34.6,35.0,45028673.42282373
2023-11-20 05:00:00,35.0,35.5,34.9,35.4,44993683.49272082
2023-11-20 09:00:00,35.4,35.5,34.7,34.8,65557134.18527808
2023-11-20 13:00:00,34.8,35.1,34.7,35.1,24159130.48004108
2023-11-20 17:00:00,35.1,35.3,34.7,34.8,33072032.20990593
2023-11-20 21:00:00,34.9,35.2,34.6,35.0,44870573.66951557
2023-11-21 01:00:00,35.0,35.2,34.7,35.0,22208708.7035166
2023-11-21 05:00:00,35.0,35.5,34.7,35.2,24817652.97881014
2023-11-21 09:00:00,35.2,35.5,34.6,34.7,54751508.21364862
2023-11-21 13:00:00,34.7,34.9,34.4,34.5,26636407.34058082
2023-11-21 17:00:00,34.5,34.8,34.2,34.2,25099310.18383256
2023-11-21 21:00:00,34.3,34.5,33.3,34.0,80354888.9641358
2023-11-22 01:00:00,34.1,34.2,32.5,33.1,47086700.60604672
2023-11-22 05:00:00,33.1,33.6,31.1,31.1,104456925.01472417
2023-11-22 09:00:00,31.2,31.9,30.7,31.7,73412834.36027282
2023-11-22 13:00:00,31.7,32.3,31.7,32.0,32702116.51884964
2023-11-22 17:00:00,32.0,32.7,32.0,32.3,43231998.92370808
2023-11-22 21:00:00,32.3,32.7,31.8,32.2,37665168.23883796
2023-11-23 01:00:00,32.2,33.3,32.1,33.2,20560290.82639079
2023-11-23 05:00:00,33.2,33.4,32.9,33.3,18950141.93251678
2023-11-23 09:00:00,33.3,33.5,32.9,33.0,38308463.64408413
2023-11-23 13:00:00,32.9,33.2,32.9,33.1,14819410.04118935
2023-11-23 17:00:00,33.0,33.4,32.6,32.7,28168466.59038011
2023-11-23 21:00:00,32.7,32.9,32.2,32.3,34737637.2429655
2023-11-24 01:00:00,32.4,32.8,32.3,32.5,13468892.64040278
2023-11-24 05:00:00,32.4,33.0,32.4,32.7,11928556.96341105
2023-11-24 09:00:00,32.8,33.1,32.6,32.9,21315809.83574282
2023-11-24 13:00:00,33.0,33.0,32.6,32.9,18030730.73896121
2023-11-24 17:00:00,32.9,33.6,32.7,33.5,28250375.14811215
2023-11-24 21:00:00,33.5,33.9,33.2,33.8,28624577.20718045
2023-11-25 01:00:00,33.8,33.9,33.4,33.6,11738696.15983277
2023-11-25 05:00:00,33.6,33.8,33.2,33.6,7347554.52223723
2023-11-25 09:00:00,33.6,34.0,33.4,33.8,25211896.79018238
2023-11-25 13:00:00,33.8,34.2,33.7,34.2,20128239.06898517
2023-11-25 17:00:00,34.2,34.2,33.4,33.6,27783115.41770975
2023-11-25 21:00:00,33.7,34.0,33.5,33.9,16457170.40327208
2023-11-26 01:00:00,34.0,34.1,33.8,33.8,5759095.21106494
2023-11-26 05:00:00,33.9,34.1,33.7,34.1,4947951.94279616
2023-11-26 09:00:00,34.1,34.2,33.6,33.9,24736556.46940846
2023-11-26 13:00:00,33.8,34.0,33.7,33.9,14229717.35711579
2023-11-26 17:00:00,33.8,34.1,33.7,33.7,13340524.18174122
2023-11-26 21:00:00,33.7,33.9,33.3,33.4,30891990.35036796
2023-11-27 01:00:00,33.4,33.5,32.8,33.5,18089803.12202656
2023-11-27 05:00:00,33.5,33.9,33.5,33.6,10422237.9455754
2023-11-27 09:00:00,33.7,33.9,32.9,33.0,26864971.84345251
2023-11-27 13:00:00,33.1,33.3,32.5,32.8,24993782.5460905
2023-11-27 17:00:00,32.7,32.8,31.9,32.3,37054935.32656091
2023-11-27 21:00:00,32.3,32.5,32.0,32.0,28594494.01299261
2023-11-28 01:00:00,32.0,32.5,31.9,32.2,7496122.27175132
2023-11-28 05:00:00,32.1,32.6,32.0,32.5,9183594.90922752
2023-11-28 09:00:00,32.6,32.6,31.9,32.1,19450678.57656207
2023-11-28 13:00:00,32.1,32.1,31.2,31.7,38099373.40678258
2023-11-28 17:00:00,31.7,32.3,31.4,32.2,12987431.00664904
2023-11-28 21:00:00,32.3,32.5,31.9,32.4,9429456.54266225
2023-11-29 01:00:00,32.4,32.8,32.3,32.6,13878023.29967583
2023-11-29 05:00:00,32.6,32.8,32.3,32.4,10230630.60451031
2023-11-29 09:00:00,32.5,32.6,32.1,32.3,21858810.55680842
2023-11-29 13:00:00,32.3,32.5,32.2,32.4,7045931.60790824
2023-11-29 17:00:00,32.4,32.7,31.9,32.2,17357287.58937746
2023-11-29 21:00:00,32.2,33.0,32.0,32.7,49059691.36354851
2023-11-30 01:00:00,32.6,32.9,32.4,32.8,7083857.6762937
2023-11-30 05:00:00,32.8,33.2,32.7,33.0,16858676.4375218
2023-11-30 09:00:00,33.1,34.4,32.8,33.8,133342847.5786261
2023-11-30 13:00:00,33.8,36.0,33.8,34.4,555894331.7708818
2023-11-30 17:00:00,34.4,37.6,34.1,34.6,799992570.1366987
2023-11-30 21:00:00,34.6,34.9,34.2,34.4,185665702.5115521
2023-12-01 01:00:00,34.4,34.9,34.3,34.4,27182927.45732271
2023-12-01 05:00:00,34.4,35.1,34.3,35.1,49423538.35573629
2023-12-01 09:00:00,35.0,35.4,33.7,34.2,158145465.5253159
2023-12-01 13:00:00,34.1,34.4,34.1,34.4,44477614.06266712
2023-12-01 17:00:00,34.3,34.8,34.2,34.5,63576734.42618339
2023-12-01 21:00:00,34.5,34.6,33.9,34.1,54645228.52913474
2023-12-02 01:00:00,34.1,34.6,34.0,34.5,19075673.4245788
2023-12-02 05:00:00,34.5,34.7,34.3,34.6,16459017.91920772
2023-12-02 09:00:00,34.6,34.7,34.2,34.6,52351789.73589273
2023-12-02 13:00:00,34.5,34.8,34.4,34.7,27414759.67549054
2023-12-02 17:00:00,34.7,34.8,34.5,34.7,22294622.34171544
2023-12-02 21:00:00,34.7,34.8,34.5,34.7,24687089.22055379
2023-12-03 01:00:00,34.7,35.1,34.5,35.0,23941261.02282844
2023-12-03 05:00:00,35.0,35.3,34.8,35.0,23735633.40313713
2023-12-03 09:00:00,35.1,35.3,34.6,34.7,47348701.30766391
2023-12-03 13:00:00,34.7,34.9,34.6,34.7,20633044.35876762
2023-12-03 17:00:00,34.8,34.8,34.6,34.7,33413891.11722912
2023-12-03 21:00:00,34.7,35.1,34.5,34.5,52121242.69291775
2023-12-04 05:00:00,34.5,35.2,34.4,35.0,25817807.58561
2023-12-04 09:00:00,35.1,36.2,35.0,36.0,118578047.50083348
2023-12-04 13:00:00,36.0,37.3,36.0,36.5,170039650.45588237
2023-12-04 17:00:00,36.5,36.8,34.6,35.6,131794885.21545236
2023-12-04 21:00:00,35.6,37.2,35.4,35.9,184122423.6821197
2023-12-05 01:00:00,35.8,36.6,35.7,36.5,18157386.61297699
2023-12-05 05:00:00,36.5,37.0,36.4,36.9,37715885.92229232
2023-12-05 09:00:00,36.9,38.2,36.6,38.1,120758745.08834776
2023-12-05 13:00:00,38.1,41.2,37.7,39.0,727754218.522693
2023-12-05 17:00:00,39.0,39.8,38.5,38.9,97315253.38348676
2023-12-05 21:00:00,38.9,40.0,38.7,39.5,231106678.4541733
2023-12-06 01:00:00,39.6,40.0,38.4,38.8,66969635.66580835
2023-12-06 05:00:00,38.8,38.9,38.3,38.8,41163710.65287158
2023-12-06 09:00:00,38.9,39.5,38.1,38.3,99472845.22203667
2023-12-06 13:00:00,38.2,38.3,37.4,38.0,66323140.49869925
2023-12-06 17:00:00,38.0,38.4,36.6,37.4,105205839.38092116
2023-12-06 21:00:00,37.4,37.9,37.3,37.8,65500664.04869544
2023-12-07 01:00:00,37.7,38.0,37.7,38.0,11585828.39354252
2023-12-07 05:00:00,38.0,38.0,37.5,37.6,18444023.44396975
2023-12-07 09:00:00,37.6,37.9,37.3,37.5,32938278.89042352
2023-12-07 13:00:00,37.5,37.8,37.4,37.8,28970351.09138828
2023-12-07 17:00:00,37.8,37.9,36.0,36.8,95512944.83694762
2023-12-07 21:00:00,36.8,37.8,36.6,37.5,29987617.16507548
2023-12-08 01:00:00,37.5,38.5,37.4,38.0,28349367.99503358
2023-12-08 05:00:00,38.0,38.5,37.9,38.4,17228825.5143198
2023-12-08 09:00:00,38.5,38.6,38.1,38.2,26957503.40965876
2023-12-08 13:00:00,38.2,38.4,37.5,37.7,23978187.42287724
2023-12-08 17:00:00,37.7,38.7,37.6,38.6,27664033.568137
2023-12-08 21:00:00,38.6,38.7,38.2,38.4,24665615.71625253
2023-12-09 01:00:00,38.4,39.0,38.4,38.8,14070003.05317948
2023-12-09 05:00:00,38.8,39.2,38.7,39.0,22846703.17050863
2023-12-09 09:00:00,39.1,39.6,38.9,39.4,57051164.92018389
2023-12-09 13:00:00,39.4,40.0,39.2,39.6,44884544.23722516
2023-12-09 17:00:00,39.6,39.8,38.7,39.6,41986805.5164129
2023-12-09 21:00:00,39.5,39.9,39.1,39.7,27142434.51229903
2023-12-10 01:00:00,39.7,39.8,39.2,39.6,11334598.55186761
2023-12-10 05:00:00,39.5,39.9,39.0,39.2,19407646.31912814
2023-12-10 09:00:00,39.2,40.5,39.1,39.8,55008589.57588435
2023-12-10 13:00:00,39.8,40.0,39.3,39.6,30124408.4438307
2023-12-10 17:00:00,39.7,39.7,37.9,38.5,49833192.22461872
2023-12-10 21:00:00,38.5,38.9,38.3,38.8,18686455.68834662
2023-12-11 01:00:00,38.8,38.8,38.3,38.6,8544631.00342793
2023-12-11 05:00:00,38.6,39.0,38.6,38.7,9076988.55287309
2023-12-11 09:00:00,38.8,39.0,35.6,36.4,154372888.0064452
2023-12-11 13:00:00,36.4,36.6,35.7,36.1,32242692.61269711
2023-12-11 17:00:00,36.1,36.6,35.8,36.6,28790895.30984789
2023-12-11 21:00:00,36.6,36.7,35.3,36.1,51879003.48918912
2023-12-12 01:00:00,36.1,36.2,34.7,35.3,29038684.64340359
2023-12-12 05:00:00,35.3,36.2,35.1,36.0,18425270.67350828
2023-12-12 09:00:00,36.0,36.6,35.9,36.5,30004563.9496421
2023-12-12 13:00:00,36.5,36.5,35.4,36.4,41515649.22539811
2023-12-12 17:00:00,36.4,36.5,35.6,35.6,38145277.38789426
2023-12-12 21:00:00,35.5,36.5,35.5,35.9,44307142.9930763
2023-12-13 01:00:00,36.0,36.2,35.6,36.1,14485298.80246469
2023-12-13 05:00:00,36.1,36.4,35.8,36.4,17510691.43320836
2023-12-13 09:00:00,36.5,36.5,35.0,35.1,58989747.73103458
2023-12-13 13:00:00,35.0,35.5,34.7,35.3,29373905.83137901
2023-12-13 17:00:00,35.2,35.5,34.9,35.1,9890881.20320894
2023-12-13 21:00:00,35.0,36.3,35.0,36.3,33398530.95945188
2023-12-14 01:00:00,36.3,36.7,35.8,36.6,9986541.86173687
2023-12-14 05:00:00,36.7,37.2,36.5,36.9,28612918.84919444
2023-12-14 09:00:00,37.0,37.1,36.3,36.4,30802736.66047125
2023-12-14 13:00:00,36.5,37.1,36.4,36.7,15484427.48047613
2023-12-14 17:00:00,36.7,37.4,36.7,37.3,24262760.17424096
2023-12-14 21:00:00,37.2,37.4,36.3,37.0,49053871.29523574
2023-12-15 01:00:00,37.0,39.9,36.9,39.4,60169036.68404193
2023-12-15 05:00:00,39.3,40.3,38.8,39.0,76220594.49967627
2023-12-15 09:00:00,39.0,40.0,38.3,38.4,103168228.8215312
2023-12-15 13:00:00,38.4,38.8,37.8,38.5,36667020.86470703
2023-12-15 17:00:00,38.6,38.8,38.2,38.3,21240111.35607614
2023-12-15 21:00:00,38.4,38.5,37.8,38.0,29762191.06287012
2023-12-16 01:00:00,38.0,38.7,37.9,38.3,13753325.95516984
2023-12-16 05:00:00,38.3,38.6,37.4,37.5,25159428.51434778
2023-12-16 09:00:00,37.6,38.5,36.7,38.3,46491639.85220954
2023-12-16 13:00:00,38.4,38.4,37.5,37.9,42305386.36518222
2023-12-16 17:00:00,37.9,38.8,37.9,38.4,26093903.03217831
2023-12-16 21:00:00,38.4,39.1,38.3,38.7,21813339.93689089
2023-12-17 01:00:00,38.7,38.8,37.9,38.0,11593695.7963671
2023-12-17 05:00:00,38.0,38.3,37.8,38.2,11878246.99957761
2023-12-17 09:00:00,38.2,39.1,38.1,38.3,71257224.77726461
2023-12-17 13:00:00,38.4,38.7,37.6,37.7,38755669.48491549
2023-12-17 17:00:00,37.7,39.4,37.4,38.8,103572268.85117468
2023-12-17 21:00:00,38.9,39.9,38.4,39.8,122946378.43699352
2023-12-18 01:00:00,39.9,40.6,39.4,40.0,54775150.88620393
2023-12-18 05:00:00,40.0,41.2,38.9,39.2,86508149.7268235
2023-12-18 09:00:00,39.2,39.8,36.5,37.6,150338513.21497542
2023-12-18 13:00:00,37.5,38.6,37.0,37.5,65076809.93567212
2023-12-18 17:00:00,37.5,37.8,35.1,36.5,122162585.80826949
2023-12-18 21:00:00,36.5,37.5,35.9,36.9,58990422.58124111
2023-12-19 01:00:00,36.9,37.4,36.7,37.0,17315793.61008266
2023-12-19 05:00:00,37.2,39.0,36.8,38.7,37200214.63197701
2023-12-19 09:00:00,38.8,39.9,38.3,39.4,126605717.18106142
2023-12-19 13:00:00,39.4,40.7,39.4,40.4,104099108.45337158
2023-12-19 17:00:00,40.4,44.4,39.2,39.3,973205397.627163
2023-12-19 21:00:00,39.2,39.5,38.6,39.0,127443908.2767451
2023-12-20 01:00:00,39.0,39.2,38.2,39.0,42414636.00521681
2023-12-20 05:00:00,39.0,39.2,38.6,38.8,39662965.58615487
2023-12-20 09:00:00,38.8,40.1,38.3,39.6,190133647.8974101
2023-12-20 13:00:00,39.6,41.3,39.4,40.9,189956871.882889
2023-12-20 17:00:00,40.9,41.0,40.0,40.8,71174953.18919685
2023-12-20 21:00:00,40.7,41.4,40.4,41.2,91880507.33712944
2023-12-21 01:00:00,41.2,41.4,40.7,40.7,26487772.56588182
2023-12-21 05:00:00,40.8,41.5,40.1,41.2,41822772.31983615
2023-12-21 09:00:00,41.2,41.7,40.8,41.5,64666123.90969162
2023-12-21 13:00:00,41.6,41.6,40.9,41.5,47032002.94204148
2023-12-21 17:00:00,41.4,41.5,40.2,41.2,69594734.65381037
2023-12-21 21:00:00,41.1,41.3,39.8,40.3,84487468.5326353
2023-12-22 01:00:00,40.3,40.6,40.1,40.6,13489704.71722073
2023-12-22 05:00:00,40.7,41.0,40.4,40.8,20887987.21616638
2023-12-22 09:00:00,40.9,41.6,40.5,40.7,65478628.35048668
2023-12-22 13:00:00,40.7,41.0,39.6,39.9,71033950.47326668
2023-12-22 17:00:00,39.9,40.6,39.4,40.6,37711974.69957314
2023-12-22 21:00:00,40.6,40.9,40.0,40.8,22787280.00508786
2023-12-23 01:00:00,40.7,41.3,40.5,40.8,20829699.71849699
2023-12-23 05:00:00,40.8,41.4,40.8,41.3,16844544.86444321
2023-12-23 09:00:00,41.4,41.4,40.0,40.1,56502490.44341126
2023-12-23 13:00:00,40.2,40.5,39.8,40.1,21957681.0200817
2023-12-23 17:00:00,40.1,40.7,40.0,40.5,17380591.02794542
2023-12-23 21:00:00,40.4,41.3,40.4,41.0,24582971.05614327
2023-12-24 01:00:00,41.0,41.2,40.8,41.0,11833817.44291164
2023-12-24 05:00:00,41.1,41.4,40.8,41.1,14537459.5439098
2023-12-24 09:00:00,41.2,42.8,40.9,42.1,65236243.80434024
2023-12-24 13:00:00,42.1,43.4,41.5,42.7,116778920.18057469
2023-12-24 17:00:00,42.7,43.1,41.9,42.6,60230570.23358427
2023-12-24 21:00:00,42.6,42.8,42.1,42.8,31541943.96667964
2023-12-25 01:00:00,42.8,43.2,42.3,42.8,16165933.9633523
2023-12-25 05:00:00,42.8,42.9,40.9,41.6,40075256.41062596
2023-12-25 09:00:00,41.6,42.1,40.7,41.6,47435633.72491486
2023-12-25 13:00:00,41.6,42.8,41.5,42.6,32646693.22524594
2023-12-25 17:00:00,42.6,42.6,41.4,41.5,45367597.33380345
2023-12-25 21:00:00,41.5,42.6,41.3,42.0,39988738.73912215
2023-12-26 01:00:00,42.0,42.3,41.6,41.7,13106652.04830582
2023-12-26 05:00:00,41.6,42.4,41.3,42.1,24678014.16277884
2023-12-26 09:00:00,42.0,42.6,41.6,42.4,35089184.28629703
2023-12-26 13:00:00,42.4,42.5,40.5,41.2,62863389.51051416
2023-12-26 17:00:00,41.2,42.1,40.4,41.9,43854616.34928818
2023-12-26 21:00:00,42.0,42.2,41.1,41.2,44423453.36929808
2023-12-27 01:00:00,41.2,41.5,39.2,39.8,60066366.98277679
2023-12-27 05:00:00,39.9,40.9,39.8,40.6,26238348.36887087
2023-12-27 09:00:00,40.7,40.7,38.6,38.9,77750566.75111291
2023-12-27 13:00:00,38.8,40.1,38.8,39.7,31995010.32080743
2023-12-27 17:00:00,39.7,40.8,39.5,40.5,32136942.81355217
2023-12-27 21:00:00,40.5,40.9,40.3,40.8,30925543.98515692
2023-12-28 01:00:00,40.8,41.6,40.6,41.2,18894429.39357312
2023-12-28 05:00:00,41.3,41.7,40.9,41.6,28110545.36932333
2023-12-28 09:00:00,41.5,42.1,41.2,41.2,45255259.54192176
2023-12-28 13:00:00,41.3,41.8,40.3,41.1,44771720.66103387
2023-12-28 17:00:00,41.1,41.6,40.7,40.9,20993142.34863379
2023-12-28 21:00:00,41.0,41.1,39.4,39.8,39627338.3402019
2023-12-29 01:00:00,39.8,40.3,39.5,40.1,8496387.62417316
2023-12-29 05:00:00,40.1,40.1,39.4,39.8,8756007.25115226
2023-12-29 09:00:00,39.9,39.9,38.1,39.1,57403557.87133006
2023-12-29 13:00:00,39.1,39.3,38.6,38.7,16102971.7767208
2023-12-29 17:00:00,38.7,39.9,38.7,39.7,20002666.7293882
2023-12-29 21:00:00,39.7,40.4,39.2,39.6,26555797.95249931
2023-12-30 01:00:00,39.4,39.7,38.9,39.6,12626300.18694282
2023-12-30 05:00:00,39.5,39.6,38.9,39.5,7269706.4003995
2023-12-30 09:00:00,39.6,40.1,39.4,39.7,27032270.50021466
2023-12-30 13:00:00,39.7,40.4,39.7,40.0,19182573.51692582
2023-12-30 17:00:00,40.0,40.0,39.0,39.4,20008253.187068
2023-12-30 21:00:00,39.3,39.5,38.7,39.0,23804384.11899578
2023-12-31 01:00:00,39.0,39.3,38.6,38.7,13351802.27966334
2023-12-31 05:00:00,38.7,39.0,38.6,38.7,15950761.24631727
2023-12-31 09:00:00,38.6,39.0,38.0,38.4,47738120.86298294
2023-12-31 13:00:00,38.3,39.0,38.3,38.8,16470107.20979564
2023-12-31 17:00:00,38.8,39.1,38.4,38.5,20080079.89582889
2023-12-31 21:00:00,38.4,38.8,38.3,38.6,19251079.89693594
2024-01-01 01:00:00,38.6,38.8,38.5,38.7,4467678.23500879
2024-01-01 05:00:00,38.7,38.9,37.4,38.5,31592943.41884683
2024-01-01 09:00:00,38.5,39.0,38.4,38.6,26324545.39932751
2024-01-01 13:00:00,38.6,38.8,38.1,38.3,19341296.30792784
2024-01-01 17:00:00,38.3,38.4,38.1,38.3,16465719.99200686
2024-01-01 21:00:00,38.3,38.7,38.2,38.7,23363527.20486122
2024-01-02 01:00:00,38.7,39.6,38.6,39.5,13130020.56204197
2024-01-02 05:00:00,39.5,39.7,39.1,39.6,20070161.45462547
2024-01-02 09:00:00,39.6,40.2,39.4,40.1,41808722.8968062
2024-01-02 13:00:00,40.1,40.1,39.7,39.9,20024537.04179341
2024-01-02 17:00:00,40.0,40.4,39.7,40.1,43395504.14260503
2024-01-02 21:00:00,40.1,40.3,39.3,39.6,49115058.22841188
2024-01-03 01:00:00,39.6,39.9,39.1,39.2,14565952.4118306
2024-01-03 05:00:00,39.2,39.5,38.9,39.3,21338932.5838502
2024-01-03 09:00:00,39.4,40.7,39.0,40.0,101272398.20733128
2024-01-03 13:00:00,40.0,40.4,39.7,39.8,41532306.14515697
2024-01-03 17:00:00,39.8,40.8,38.1,38.5,147672755.1720462
2024-01-03 21:00:00,38.5,38.6,30.8,36.5,288336685.086532
2024-01-04 01:00:00,36.4,36.8,35.6,36.2,32621810.56466068
2024-01-04 05:00:00,36.1,36.7,36.0,36.7,38290523.09382385
2024-01-04 09:00:00,36.7,37.0,34.9,36.1,77709539.46881756
2024-01-04 13:00:00,36.2,37.3,35.9,35.9,48735985.90937521
2024-01-04 17:00:00,35.9,36.4,35.5,36.0,35475207.93739711
2024-01-04 21:00:00,36.0,37.0,35.8,36.8,29559194.45805523
2024-01-05 01:00:00,36.8,37.6,36.3,37.1,20716858.59955173
2024-01-05 05:00:00,37.1,37.6,37.0,37.4,16811368.61170932
2024-01-05 09:00:00,37.4,37.4,35.2,35.7,65171647.43039214
2024-01-05 13:00:00,35.7,35.9,35.2,35.7,24169160.88895697
2024-01-05 17:00:00,35.7,36.2,34.9,34.9,50224251.53883482
2024-01-05 21:00:00,34.9,35.3,34.0,34.4,73955167.85605928
2024-01-06 01:00:00,34.4,34.8,33.9,34.6,22521328.7696136
2024-01-06 05:00:00,34.6,35.5,34.6,35.5,16874397.52328649
2024-01-06 09:00:00,35.5,35.5,34.5,34.7,23640886.54700894
2024-01-06 13:00:00,34.7,34.9,33.1,33.9,70809910.39763564
2024-01-06 17:00:00,33.9,34.0,33.5,34.0,13047876.66760753
2024-01-06 21:00:00,34.0,35.5,33.7,35.0,47505320.92028558
2024-01-07 01:00:00,35.0,35.1,34.5,34.7,25492864.557056
2024-01-07 05:00:00,34.7,34.8,34.3,34.7,15857792.88215261
2024-01-07 09:00:00,34.7,35.7,34.4,35.4,54047726.90803015
2024-01-07 13:00:00,35.4,35.5,35.0,35.4,28937161.98672882
2024-01-07 17:00:00,35.4,35.7,34.6,34.9,56769104.86974754
2024-01-07 21:00:00,34.9,35.7,34.0,34.3,62505217.51270893
2024-01-08 01:00:00,34.3,34.5,33.5,33.9,12901493.7276883
2024-01-08 05:00:00,34.0,34.1,31.9,32.4,68193441.64822786
2024-01-08 09:00:00,32.4,32.4,29.6,30.7,131730261.60992455
2024-01-08 13:00:00,30.6,32.3,30.4,31.8,49111659.02720282
2024-01-08 17:00:00,31.8,32.7,31.4,32.7,37970523.35671367
2024-01-08 21:00:00,32.7,33.4,32.4,32.9,89304738.89769554
2024-01-09 01:00:00,32.8,33.9,32.4,33.8,36309185.23433828
2024-01-09 05:00:00,33.9,34.5,33.5,34.2,28709796.87728514
2024-01-09 09:00:00,34.3,34.3,32.8,33.6,50586599.78768583
2024-01-09 13:00:00,33.6,33.9,33.4,33.4,18796227.8841192
2024-01-09 17:00:00,33.4,33.7,32.5,32.8,36832131.14995876
2024-01-09 21:00:00,32.9,33.1,31.3,32.0,71102998.7105942
2024-01-10 01:00:00,32.1,32.1,31.3,31.5,16533002.40697838
2024-01-10 05:00:00,31.7,32.5,31.0,32.5,37226575.19344456
2024-01-10 09:00:00,32.3,32.7,32.1,32.4,32690625.22461105
2024-01-10 13:00:00,32.5,32.7,32.2,32.3,15439262.58863361
2024-01-10 17:00:00,32.3,32.9,31.6,32.5,38900124.15246382
2024-01-10 21:00:00,32.5,32.5,31.0,32.4,51881490.11106319
2024-01-11 01:00:00,32.5,32.8,32.2,32.6,11794392.65690545
2024-01-11 05:00:00,32.6,36.1,31.9,35.4,107140177.12839574
2024-01-11 09:00:00,35.4,36.3,35.0,36.3,52989380.7846792
2024-01-11 13:00:00,36.3,36.3,35.3,36.0,32531073.63601507
2024-01-11 17:00:00,36.0,36.6,35.7,36.2,33829518.6853725
2024-01-11 21:00:00,36.2,36.7,35.4,35.9,141023286.45608202
2024-01-12 01:00:00,35.9,36.1,35.1,36.0,29213246.88165623
2024-01-12 05:00:00,36.1,36.2,35.6,36.0,16457337.96159109
2024-01-12 09:00:00,36.1,36.2,35.6,36.1,40296106.67140205
2024-01-12 13:00:00,36.1,36.3,35.8,35.9,42726457.58399358
2024-01-12 17:00:00,35.9,36.4,35.3,36.2,38830281.64097145
2024-01-12 21:00:00,36.2,36.5,35.2,35.4,55439334.9104656
2024-01-13 01:00:00,35.5,35.7,34.0,34.9,40060316.57401526
2024-01-13 05:00:00,34.8,35.2,32.9,34.1,45744443.64392244
2024-01-13 09:00:00,34.0,34.2,32.5,33.4,52365620.3571185
2024-01-13 13:00:00,33.5,34.5,33.4,34.2,17566637.98735064
2024-01-13 17:00:00,34.2,34.4,33.6,33.8,26202080.96701678
2024-01-13 21:00:00,33.7,34.3,33.7,34.3,12719571.95414808
2024-01-14 01:00:00,34.2,34.6,34.0,34.6,6076209.73086194
2024-01-14 05:00:00,34.5,34.7,34.4,34.5,4964168.28619523
2024-01-14 09:00:00,34.6,34.6,33.9,34.0,12390611.95242226
2024-01-14 13:00:00,34.0,34.4,33.6,34.3,10134438.42781553
2024-01-14 17:00:00,34.3,34.7,34.0,34.1,7587319.27447486
2024-01-14 21:00:00,34.1,34.4,33.9,34.2,11564744.65214883
2024-01-15 01:00:00,34.3,34.3,33.7,33.7,9167756.61436603
2024-01-15 05:00:00,33.7,34.1,33.0,33.2,18875017.9407716
2024-01-15 09:00:00,33.2,34.2,33.1,34.1,19048451.88425507
2024-01-15 13:00:00,34.1,34.3,33.8,34.0,10674227.37313988
2024-01-15 17:00:00,34.0,34.1,33.7,34.0,10308769.205865
2024-01-15 21:00:00,34.0,34.2,33.3,33.4,19935615.61749969
2024-01-16 01:00:00,33.5,34.4,33.5,34.2,6662476.10626344
2024-01-16 05:00:00,34.1,34.4,33.6,34.1,10748508.82937796
2024-01-16 09:00:00,34.1,34.4,33.9,34.3,16599847.04356335
2024-01-16 13:00:00,34.3,34.9,34.0,34.8,45061194.96766483
2024-01-16 17:00:00,34.8,35.0,34.6,34.8,24077465.91327559
2024-01-16 21:00:00,34.7,34.9,33.8,34.7,36917382.02214039
2024-01-17 01:00:00,34.7,35.2,34.5,35.2,12966197.66557837
2024-01-17 05:00:00,35.2,35.8,35.1,35.2,25809381.82125922
2024-01-17 09:00:00,35.3,35.4,35.0,35.1,23040508.86924197
2024-01-17 13:00:00,35.1,35.3,34.4,34.5,21022544.62936155
2024-01-17 17:00:00,34.4,35.5,34.3,35.3,37511295.59366748
2024-01-17 21:00:00,35.3,35.4,34.7,34.9,23918655.75973944
2024-01-18 01:00:00,34.9,35.1,34.6,34.9,10263992.38720118
2024-01-18 05:00:00,35.1,35.2,34.6,35.1,10597968.78579185
2024-01-18 09:00:00,35.0,35.1,34.1,34.3,24485213.00108599
2024-01-18 13:00:00,34.3,35.1,34.3,35.0,16769689.94793225
2024-01-18 17:00:00,35.0,35.0,34.2,34.5,8562071.57715316
2024-01-18 21:00:00,34.4,34.6,34.0,34.3,14374867.9715559
2024-01-19 01:00:00,34.3,34.4,33.0,33.1,29723139.76940328
2024-01-19 05:00:00,33.2,33.9,33.1,33.6,8686725.61809942
2024-01-19 09:00:00,33.6,33.8,32.2,32.9,50361740.76963259
2024-01-19 13:00:00,32.9,34.0,32.9,33.3,20035680.84202943
2024-01-19 17:00:00,33.3,33.9,33.1,33.7,23159555.10801528
2024-01-19 21:00:00,33.6,33.7,32.8,33.0,15296488.46434197
2024-01-20 01:00:00,32.9,33.4,31.9,33.2,22920959.74807727
2024-01-20 05:00:00,33.2,33.7,33.1,33.6,13488496.84480497
2024-01-20 09:00:00,33.6,33.8,33.0,33.4,12911035.54900152
2024-01-20 13:00:00,33.5,33.6,33.2,33.4,5543899.86457444
2024-01-20 17:00:00,33.4,33.5,33.1,33.3,7538431.03232729
2024-01-20 21:00:00,33.3,33.6,33.2,33.3,10227186.30097003
2024-01-21 01:00:00,33.5,33.5,33.2,33.4,1507130.78300245
2024-01-21 05:00:00,33.5,33.9,33.4,33.8,11887751.6676702
2024-01-21 09:00:00,33.8,33.9,33.5,33.8,7364648.00619944
2024-01-21 13:00:00,33.8,34.1,33.7,34.0,11598196.12572013
2024-01-21 17:00:00,33.9,34.1,33.7,33.8,14602449.93877223
2024-01-21 21:00:00,33.7,34.2,33.7,33.9,21164350.04036678
2024-01-22 01:00:00,33.9,34.1,33.7,34.1,7903733.61086232
2024-01-22 05:00:00,34.2,34.2,33.6,33.6,7239919.92919641
2024-01-22 09:00:00,33.6,33.8,32.5,32.8,23604415.35315605
2024-01-22 13:00:00,32.9,33.3,32.5,32.9,10316247.40121652
2024-01-22 17:00:00,33.0,33.0,32.2,32.5,21439673.67955933
2024-01-22 21:00:00,32.5,32.7,31.7,32.1,18422980.65115221
2024-01-23 01:00:00,32.1,32.3,31.5,31.8,14720261.61583361
2024-01-23 05:00:00,31.9,32.4,31.7,31.8,9217923.55828505
2024-01-23 09:00:00,31.8,32.4,31.6,32.2,20988392.62759582
2024-01-23 13:00:00,32.2,32.5,31.3,31.4,17800892.93377018
2024-01-23 17:00:00,31.5,31.6,29.7,30.2,72907082.28940538
2024-01-23 21:00:00,30.2,30.8,29.7,30.6,28400288.2261885
2024-01-24 01:00:00,30.7,30.9,30.2,30.4,8470690.33147478
2024-01-24 05:00:00,30.3,31.3,30.3,31.3,5948290.62768471
2024-01-24 09:00:00,31.3,31.4,30.3,30.3,34285339.10117849
2024-01-24 13:00:00,30.4,31.2,30.4,31.1,11955002.59196394
2024-01-24 17:00:00,31.1,31.7,30.9,31.4,20448119.74764132
2024-01-24 21:00:00,31.4,31.5,30.9,31.3,13639125.08492737
2024-01-25 01:00:00,31.3,31.6,31.1,31.2,4196260.17539101
2024-01-25 05:00:00,31.4,31.7,31.0,31.5,10325023.51311072
2024-01-25 09:00:00,31.5,31.8,31.2,31.7,23859720.14924379
2024-01-25 13:00:00,31.8,33.4,31.6,32.9,286310965.06252635
2024-01-25 17:00:00,33.0,33.2,32.4,32.7,81599092.30831471
2024-01-25 21:00:00,32.7,32.7,31.6,31.9,46464100.1155978
2024-01-26 01:00:00,31.8,31.9,31.3,31.8,20282420.81744572
2024-01-26 05:00:00,31.8,32.0,31.6,32.0,12927374.8300847
2024-01-26 09:00:00,32.0,32.3,31.5,32.2,31656800.21597116
2024-01-26 13:00:00,32.2,32.3,31.7,31.9,16720898.93582564
2024-01-26 17:00:00,31.9,32.9,31.8,32.7,35838316.52297874
2024-01-26 21:00:00,32.8,33.3,32.5,32.9,26767164.83206634
2024-01-27 01:00:00,32.9,34.1,32.9,33.6,52455997.04444107
2024-01-27 05:00:00,33.5,33.7,33.3,33.5,13419269.82003825
2024-01-27 09:00:00,33.5,33.8,33.3,33.4,26511196.28178017
2024-01-27 13:00:00,33.4,33.7,32.7,33.1,18440673.40257383
2024-01-27 17:00:00,33.1,33.4,32.9,33.2,9422648.6738134
2024-01-27 21:00:00,33.2,33.8,33.2,33.6,10389837.20574118
2024-01-28 01:00:00,33.6,33.8,33.5,33.7,2224271.25413434
2024-01-28 05:00:00,33.7,34.5,33.6,34.5,14659273.08220332
2024-01-28 09:00:00,34.5,34.6,34.1,34.2,16525795.24275277
2024-01-28 13:00:00,34.4,34.6,33.7,33.8,15891968.11432615
2024-01-28 17:00:00,33.8,34.0,33.5,33.7,10022935.11679924
2024-01-28 21:00:00,33.6,33.6,33.2,33.4,8727034.95568868
2024-01-29 01:00:00,33.4,33.5,32.9,33.09,8211352.41118092
2024-01-29 05:00:00,33.1,33.33,32.8,33.0,10979059.06219861
2024-01-29 09:00:00,33.07,33.47,32.9,33.36,9828633.75141018
2024-01-29 13:00:00,33.36,33.47,33.02,33.08,7319289.25194018
2024-01-29 17:00:00,33.08,33.64,32.91,33.39,20786867.28574795
2024-01-29 21:00:00,33.43,33.86,33.13,33.85,20861690.97556376
2024-01-30 01:00:00,33.86,34.2,33.65,33.7,17667679.16505084
2024-01-30 05:00:00,33.75,33.86,33.7,33.8,6609851.48470536
2024-01-30 09:00:00,33.86,33.95,33.49,33.59,20834979.68413038
2024-01-30 13:00:00,33.59,33.68,33.38,33.63,8992193.42492968
2024-01-30 17:00:00,33.63,34.01,33.5,33.97,10985863.14850677
2024-01-30 21:00:00,33.96,34.01,33.2,33.77,21922654.26362973
2024-01-31 01:00:00,33.77,34.14,33.65,33.94,10049136.99555037
2024-01-31 05:00:00,33.9,34.0,33.13,33.3,9309886.61657891
2024-01-31 09:00:00,33.4,33.49,32.7,33.11,14874802.38351814
2024-01-31 13:00:00,33.09,33.33,32.9,33.19,21334294.83343162
2024-01-31 17:00:00,33.2,33.23,32.22,32.62,22799396.1876091
2024-01-31 21:00:00,32.62,32.63,31.85,32.5,18120159.77822828
2024-02-01 01:00:00,32.57,32.95,32.47,32.94,2601426.63899119
2024-02-01 05:00:00,32.6,32.8,32.03,32.35,8071205.44138519
2024-02-01 09:00:00,32.44,32.59,31.76,32.21,13599468.97990512
2024-02-01 13:00:00,32.21,32.31,31.82,32.03,5729108.71883305
2024-02-01 17:00:00,32.03,32.26,31.85,32.07,2015938.92863649
2024-02-01 21:00:00,32.07,32.53,31.98,32.2,7734948.76991329
2024-02-02 01:00:00,32.15,32.35,31.8,32.2,4177017.20272924
2024-02-02 05:00:00,32.2,32.36,32.11,32.35,2716014.54575096
2024-02-02 09:00:00,32.27,32.48,32.17,32.32,7263784.43691263
2024-02-02 13:00:00,32.3,32.37,32.1,32.28,2857964.22129643
2024-02-02 17:00:00,32.31,32.42,32.1,32.32,4035391.32369032
2024-02-02 21:00:00,32.32,32.79,32.07,32.79,6837502.59050637
2024-02-03 01:00:00,32.78,32.95,32.6,32.74,3692263.55822598
2024-02-03 05:00:00,32.74,32.78,32.6,32.66,2411377.41971853
2024-02-03 09:00:00,32.66,32.9,32.58,32.7,6252333.10188324
2024-02-03 13:00:00,32.7,33.0,32.68,32.84,5717943.19640815
2024-02-03 17:00:00,32.9,32.99,32.8,32.81,4134889.72952237
2024-02-03 21:00:00,32.8,33.4,32.8,33.37,11638173.96308004
2024-02-04 01:00:00,33.37,34.03,33.1,34.03,6503710.4025307
2024-02-04 05:00:00,34.04,34.2,33.25,33.34,12302811.51215342
2024-02-04 09:00:00,33.28,33.3,32.95,33.14,8799416.64379677
2024-02-04 13:00:00,33.14,33.14,32.61,32.8,7367012.28416243
2024-02-04 17:00:00,32.79,33.12,32.58,33.1,4335957.31933917
2024-02-04 21:00:00,33.13,33.17,32.95,33.0,3314480.76876301
2024-02-05 01:00:00,33.02,33.07,32.66,32.78,2095660.55555555
2024-02-05 05:00:00,32.86,33.11,32.53,32.65,4362313.02897393
2024-02-05 09:00:00,32.66,33.02,32.06,33.0,8498107.53659057
2024-02-05 13:00:00,32.94,33.02,32.78,32.93,2682629.17683543
2024-02-05 17:00:00,32.9,33.0,32.69,33.0,4706985.13258177
2024-02-05 21:00:00,33.0,33.11,32.6,32.64,10850088.60641439
2024-02-06 01:00:00,32.64,32.93,32.52,32.91,6130709.47586629
2024-02-06 05:00:00,32.8,32.92,32.46,32.83,2891552.11161451
2024-02-06 09:00:00,32.83,32.9,32.53,32.79,4278004.66054956
2024-02-06 13:00:00,32.78,32.8,32.56,32.71,4604480.76456087
2024-02-06 17:00:00,32.72,32.85,32.45,32.52,6264964.61874214
2024-02-06 21:00:00,32.52,32.63,32.27,32.62,5291392.09993231
2024-02-07 01:00:00,32.63,33.01,32.54,32.9,3227015.75534919
2024-02-07 05:00:00,32.88,33.07,32.8,32.83,3079916.15132335
2024-02-07 09:00:00,32.83,33.34,32.83,33.03,8624798.93585223
2024-02-07 13:00:00,32.96,33.06,32.6,32.74,13126688.94553472
2024-02-07 17:00:00,32.78,32.99,32.7,32.88,6785156.88651779
2024-02-07 21:00:00,32.82,33.0,32.77,32.83,5129509.40906496
2024-02-08 01:00:00,32.93,33.17,32.9,33.07,4833020.88325752
2024-02-08 05:00:00,33.07,33.27,33.03,33.23,4945698.96115811
2024-02-08 09:00:00,33.2,33.29,33.04,33.17,7483956.29102226
2024-02-08 13:00:00,33.2,33.29,33.05,33.19,5864768.88492151
2024-02-08 17:00:00,33.19,33.42,33.19,33.34,7763438.831639
2024-02-08 21:00:00,33.3,33.53,33.24,33.44,7207508.18071465
2024-02-09 01:00:00,33.44,33.46,33.02,33.11,7706847.39841835
2024-02-09 05:00:00,33.1,33.38,33.05,33.38,3978126.39593217
2024-02-09 09:00:00,33.38,33.64,33.25,33.49,11385792.50713234
2024-02-09 13:00:00,33.46,33.58,33.41,33.54,8284960.20288367
2024-02-09 17:00:00,33.54,33.84,33.51,33.84,10091829.26710928
2024-02-09 21:00:00,33.83,33.98,33.2,33.4,17153591.01032021
2024-02-10 01:00:00,33.4,33.72,33.4,33.6,7824217.88186432
2024-02-10 05:00:00,33.69,33.76,33.57,33.57,3262857.7274457
2024-02-10 09:00:00,33.58,33.99,33.55,33.98,8721154.72989948
2024-02-10 13:00:00,33.93,33.97,33.6,33.6,4942111.58065666
2024-02-10 17:00:00,33.6,33.68,32.87,33.38,14439466.05423255
2024-02-10 21:00:00,33.38,33.45,33.1,33.44,4297196.59722987
2024-02-11 01:00:00,33.47,33.51,33.35,33.46,1930508.62601995
2024-02-11 05:00:00,33.46,33.51,33.21,33.3,4824615.65708366
2024-02-11 09:00:00,33.3,33.58,33.2,33.54,6564793.82085455
2024-02-11 13:00:00,33.57,33.85,33.39,33.79,6494530.19276559
2024-02-11 17:00:00,33.79,33.99,33.51,33.65,9734188.33607479
2024-02-11 21:00:00,33.65,33.95,33.62,33.68,32684839.54673105
2024-02-12 01:00:00,33.69,33.7,33.37,33.54,6422586.96408199
2024-02-12 05:00:00,33.55,33.56,33.2,33.33,8826252.05443324
2024-02-12 09:00:00,33.35,33.85,33.23,33.67,19636545.69919772
2024-02-12 13:00:00,33.7,33.97,33.6,33.8,26096626.35824446
2024-02-12 17:00:00,33.8,33.9,33.09,33.24,13624373.22779498
2024-02-12 21:00:00,33.24,33.79,33.22,33.76,11962564.79336331
2024-02-13 01:00:00,33.76,34.0,33.59,33.66,11441675.37031807
2024-02-13 05:00:00,33.7,33.95,33.7,33.79,10587974.81957001
2024-02-13 09:00:00,33.84,34.13,33.33,33.35,18826904.49209251
2024-02-13 13:00:00,33.42,33.84,33.42,33.74,6722623.25334071
2024-02-13 17:00:00,33.74,34.09,33.7,33.78,23294146.97613293
2024-02-13 21:00:00,33.78,33.82,33.0,33.47,28655110.72909475
2024-02-14 01:00:00,33.47,33.77,33.28,33.68,3114790.54324306
2024-02-14 05:00:00,33.6,33.78,33.42,33.62,4804086.7304168
2024-02-14 09:00:00,33.65,33.86,33.36,33.8,8459605.36748558
2024-02-14 13:00:00,33.77,34.56,33.75,34.32,38107335.12776727
2024-02-14 17:00:00,34.32,34.85,34.11,34.8,28857826.20662717
2024-02-14 21:00:00,34.8,35.99,34.7,35.18,168027174.12097177
2024-02-15 01:00:00,35.18,36.6,35.1,36.57,30544987.78648434
2024-02-15 05:00:00,36.53,36.9,35.85,35.93,25104474.32999346
2024-02-15 09:00:00,35.93,37.0,35.86,36.99,65014766.90843087
2024-02-15 13:00:00,36.97,36.98,36.07,36.72,36747501.8656713
2024-02-15 17:00:00,36.72,37.7,36.68,37.41,78876584.6926029
2024-02-15 21:00:00,37.4,39.4,37.21,37.4,149789452.44768974
2024-02-16 01:00:00,37.4,38.58,37.01,38.4,14587409.96475861
2024-02-16 05:00:00,38.4,38.52,37.77,38.3,25896962.54412608
2024-02-16 09:00:00,38.3,38.54,37.6,38.16,30209557.68952088
2024-02-16 13:00:00,38.16,38.6,38.1,38.18,16671389.02091671
2024-02-16 17:00:00,38.18,39.4,38.14,39.22,29309327.56786545
2024-02-16 21:00:00,39.22,39.51,37.62,38.33,33426216.20069468
2024-02-17 01:00:00,38.33,38.82,38.25,38.48,13536286.11642326
2024-02-17 05:00:00,38.4,39.2,38.4,38.74,10656703.68304273
2024-02-17 09:00:00,38.74,38.9,37.84,38.4,14094182.01926391
2024-02-17 13:00:00,38.4,39.17,38.34,38.84,16799479.39528247
2024-02-17 17:00:00,38.84,39.22,38.12,38.4,13256133.63608781
2024-02-17 21:00:00,38.4,39.0,36.99,37.49,56444890.39857524
2024-02-18 01:00:00,37.48,37.83,37.23,37.8,6224754.37933567
2024-02-18 05:00:00,37.79,38.31,37.69,38.04,5981847.5438174
2024-02-18 09:00:00,38.08,38.3,37.76,38.2,9938448.71286381
2024-02-18 13:00:00,38.14,39.61,38.14,38.98,64930747.63297052
2024-02-18 17:00:00,39.06,40.68,38.92,39.88,93376127.62619811
2024-02-18 21:00:00,39.88,40.02,39.46,39.67,21591739.19206277
2024-02-19 01:00:00,39.61,39.77,39.12,39.39,9817298.92129045
2024-02-19 05:00:00,39.37,39.57,39.16,39.4,11491245.40007125
2024-02-19 09:00:00,39.5,39.78,39.07,39.34,20955404.79802772
2024-02-19 13:00:00,39.26,39.87,39.16,39.79,26208181.40499495
2024-02-19 17:00:00,39.79,40.21,39.29,40.09,23012272.62897546
2024-02-19 21:00:00,40.01,40.8,39.8,40.35,38614346.61710784
2024-02-20 01:00:00,40.35,41.02,39.85,40.79,12495784.17087206
2024-02-20 05:00:00,40.79,43.16,40.56,42.18,101918517.73776174
2024-02-20 09:00:00,42.2,42.3,40.99,41.59,50788684.79641389
2024-02-20 13:00:00,41.59,43.7,41.39,42.7,102309630.48014084
2024-02-20 17:00:00,42.74,44.01,41.4,43.28,103980922.0624693
2024-02-20 21:00:00,43.28,44.2,40.0,41.8,112620732.8961119
2024-02-21 01:00:00,41.81,43.18,41.19,43.03,19616044.24826408
2024-02-21 05:00:00,43.05,44.39,42.83,43.96,55754405.47652955
2024-02-21 09:00:00,43.9,44.8,43.25,43.92,128100690.53589807
2024-02-21 13:00:00,43.93,44.26,41.56,41.8,65170851.42610852
2024-02-21 17:00:00,41.82,42.14,40.6,40.77,52040399.96701706
2024-02-21 21:00:00,40.77,41.4,40.4,40.8,43590787.16826728
2024-02-22 01:00:00,40.75,40.98,39.93,40.3,19352133.37071767
2024-02-22 05:00:00,40.3,41.78,40.14,41.6,21227947.89202
2024-02-22 09:00:00,41.6,42.13,41.24,41.5,51633901.50920494
2024-02-22 13:00:00,41.5,42.19,40.7,42.19,32175121.84199299
2024-02-22 17:00:00,42.19,42.65,41.8,42.2,27708197.58145841
2024-02-22 21:00:00,42.2,42.3,41.0,42.02,24096685.53133241
2024-02-23 01:00:00,42.03,42.49,41.87,42.0,9694114.55675887
2024-02-23 05:00:00,42.0,42.51,41.7,41.95,15542202.64378287
2024-02-23 09:00:00,41.97,42.25,40.8,41.01,27536598.78931952
2024-02-23 13:00:00,41.01,41.6,40.53,40.85,43258630.23200525
2024-02-23 17:00:00,40.87,41.3,40.5,41.3,19702781.83221152
2024-02-23 21:00:00,41.3,41.35,40.65,40.71,22747592.67207378
2024-02-24 01:00:00,40.71,41.45,40.0,41.45,24336029.50991378
2024-02-24 05:00:00,41.45,41.7,40.61,41.08,9338720.76899603
2024-02-24 09:00:00,41.1,41.18,39.8,40.91,27312465.15206574
2024-02-24 13:00:00,40.91,43.7,40.8,43.58,144569778.34174123
2024-02-24 17:00:00,43.67,44.94,42.49,43.0,301311423.0253403
2024-02-24 21:00:00,43.0,43.82,42.01,42.42,65084843.08479811
2024-02-25 01:00:00,42.42,43.02,42.25,43.02,12151243.83451051
2024-02-25 05:00:00,43.02,43.1,42.26,42.26,15890621.77719201
2024-02-25 09:00:00,42.26,44.2,42.26,44.0,107732988.7082287
2024-02-25 13:00:00,44.01,45.7,43.0,44.72,286123305.9613207
2024-02-25 17:00:00,44.72,46.36,44.6,44.82,387165983.7013545
2024-02-25 21:00:00,44.83,45.1,43.3,43.59,103149018.5481988
2024-02-26 01:00:00,43.51,44.5,43.45,44.01,24576910.83175757
2024-02-26 05:00:00,44.02,44.7,43.68,44.64,41787701.89482818
2024-02-26 09:00:00,44.65,46.01,43.8,45.68,125527247.41859794
2024-02-26 13:00:00,45.68,46.12,44.28,44.32,125107732.31744736
2024-02-26 17:00:00,44.32,44.7,42.67,44.4,100361817.76158457
2024-02-26 21:00:00,44.36,45.01,43.52,45.0,44294899.77789494
2024-02-27 01:00:00,45.01,45.58,44.6,45.44,25814743.99074492
2024-02-27 05:00:00,45.35,45.69,45.01,45.2,27619274.49693333
2024-02-27 09:00:00,45.2,45.87,44.44,44.62,65037160.79114134
2024-02-27 13:00:00,44.54,46.82,44.54,45.94,101656490.27975623
2024-02-27 17:00:00,45.88,48.88,45.86,47.76,218902716.19640607
2024-02-27 21:00:00,47.83,48.07,46.41,46.57,84589528.18998164
2024-02-28 01:00:00,46.57,47.59,46.0,46.71,22546962.27842225
2024-02-28 05:00:00,46.92,47.25,46.61,46.62,15944609.60020594
2024-02-28 09:00:00,46.7,48.35,46.15,46.6,78207373.87439749
2024-02-28 13:00:00,46.6,47.41,46.48,46.99,36524941.52881462
2024-02-28 17:00:00,46.99,48.13,46.26,47.25,86088992.32655744
2024-02-28 21:00:00,47.25,50.29,47.17,49.19,180735067.33225545
2024-02-29 01:00:00,49.28,50.2,45.32,47.43,107436708.76336037
2024-02-29 05:00:00,47.36,48.78,46.93,48.5,32943692.58990518
2024-02-29 09:00:00,48.43,48.79,47.06,48.79,65021322.42364663
2024-02-29 13:00:00,48.8,50.0,48.4,49.87,60333368.85494268
2024-02-29 17:00:00,49.87,50.5,49.1,49.86,63255526.57113478
2024-02-29 21:00:00,49.86,51.08,49.42,50.28,61701647.47833761
2024-03-01 01:00:00,50.27,50.28,48.6,49.67,34916029.50593645
2024-03-01 05:00:00,49.69,55.47,49.67,52.0,199977196.88024485
2024-03-01 09:00:00,52.01,54.08,51.04,52.83,93756517.98624958
2024-03-01 13:00:00,52.72,54.6,52.36,53.17,63276914.62353054
2024-03-01 17:00:00,53.12,54.6,52.81,54.08,38260957.95747805
2024-03-01 21:00:00,54.0,54.0,52.46,52.56,32551051.51346587
2024-03-02 01:00:00,52.55,53.78,52.55,52.75,25540452.97236209
2024-03-02 05:00:00,52.75,53.75,52.59,53.52,28732350.79464765
2024-03-02 09:00:00,53.5,53.94,51.71,52.77,72150565.52634455
2024-03-02 13:00:00,52.86,53.09,51.6,52.35,44284087.37156699
2024-03-02 17:00:00,52.35,52.62,51.62,52.16,33620735.63987672
2024-03-02 21:00:00,52.13,53.49,51.94,53.12,37643917.52917865
2024-03-03 01:00:00,53.17,56.87,53.12,55.0,42613756.61737757
2024-03-03 05:00:00,54.9,56.23,54.15,55.78,28280431.35553505
2024-03-03 09:00:00,55.8,56.5,54.64,55.52,49326029.47851782
2024-03-03 13:00:00,55.51,56.0,49.6,53.34,77962076.26882125
2024-03-03 17:00:00,53.42,61.51,52.89,56.11,591000037.395452
2024-03-03 21:00:00,56.18,58.44,55.48,58.27,95636643.53373525
2024-03-04 01:00:00,58.2,58.31,56.77,56.94,20598188.28112259
2024-03-04 05:00:00,56.9,58.65,56.52,58.46,27970871.17977871
2024-03-04 09:00:00,58.4,58.49,56.57,56.83,57243728.93416949
2024-03-04 13:00:00,56.83,57.64,56.5,56.85,32169353.65532168
2024-03-04 17:00:00,56.98,57.95,56.31,57.85,55798280.95297789
2024-03-04 21:00:00,57.83,59.7,56.97,57.32,91539355.15456732
2024-03-05 01:00:00,57.4,57.77,55.2,57.61,50625083.59068773
2024-03-05 05:00:00,57.61,57.79,56.68,57.37,32034215.50631792
2024-03-05 09:00:00,57.42,57.76,56.42,56.55,67788175.68200926
2024-03-05 13:00:00,56.55,57.34,53.9,56.1,78553429.62363414
2024-03-05 17:00:00,56.1,57.07,55.72,56.6,36648430.669747
2024-03-05 21:00:00,56.61,59.22,56.1,56.21,124970812.0240073
2024-03-06 01:00:00,56.21,57.46,48.83,50.94,68497331.45414987
2024-03-06 05:00:00,50.95,54.63,48.68,54.16,91766480.32956968
2024-03-06 09:00:00,54.22,57.31,50.14,51.81,145969931.09248096
2024-03-06 13:00:00,51.95,56.84,51.82,56.07,59594614.184725
2024-03-06 17:00:00,56.07,59.1,54.32,57.76,280702561.06524813
2024-03-06 21:00:00,57.76,58.15,53.51,56.61,142741204.87970608
2024-03-07 01:00:00,56.61,58.2,56.34,57.33,40355950.96587866
2024-03-07 05:00:00,57.39,60.37,57.2,60.08,79286044.45294368
2024-03-07 09:00:00,60.08,60.34,58.17,59.45,95639211.5682492
2024-03-07 13:00:00,59.45,65.4,59.21,62.49,269540167.6747321
2024-03-07 17:00:00,62.49,80.57,61.75,78.47,4452342779.638285
2024-03-07 21:00:00,78.42,79.74,67.76,68.52,1792247026.854107
2024-03-08 01:00:00,68.52,70.28,66.77,69.66,400890467.380994
2024-03-08 05:00:00,69.66,72.09,68.98,69.14,310301792.01983714
2024-03-08 09:00:00,69.13,74.45,69.04,70.91,1188317848.0325663
2024-03-08 13:00:00,70.9,74.86,70.55,71.92,806924409.2676744
2024-03-08 17:00:00,71.9,73.78,70.67,71.47,379221138.53489673
2024-03-08 21:00:00,71.47,71.65,66.74,69.14,281036317.3078383
2024-03-09 01:00:00,69.14,70.45,67.83,70.09,79588404.18113934
2024-03-09 05:00:00,70.1,70.7,69.47,70.14,97154416.63990146
2024-03-09 09:00:00,70.14,72.73,67.77,69.5,478270279.25752217
2024-03-09 13:00:00,69.51,71.33,69.22,71.2,131184014.01504312
2024-03-09 17:00:00,71.2,71.27,68.34,69.57,114689085.5266016
2024-03-09 21:00:00,69.57,69.57,68.4,69.35,47617643.03008285
2024-03-10 01:00:00,69.23,70.8,68.85,69.83,32709495.32759609
2024-03-10 05:00:00,69.8,71.11,69.47,71.11,64923591.26778344
2024-03-10 09:00:00,71.12,71.12,68.51,70.27,104246418.44225566
2024-03-10 13:00:00,70.26,70.5,69.25,70.07,51155867.09529607
2024-03-10 17:00:00,70.07,70.49,68.76,69.73,63949795.60918011
2024-03-10 21:00:00,69.73,70.1,67.8,70.08,70831868.67230776
2024-03-11 01:00:00,69.86,71.61,69.86,71.26,34738568.28878545
2024-03-11 05:00:00,71.26,71.98,68.82,70.71,51696034.58650716
2024-03-11 09:00:00,70.91,72.71,65.88,72.22,183435324.37258244
2024-03-11 13:00:00,72.19,72.75,70.14,71.65,152022015.2482441
2024-03-11 17:00:00,71.64,74.93,71.51,71.88,155408699.0791888
2024-03-11 21:00:00,71.79,74.46,71.66,72.36,131630645.07411164
2024-03-12 01:00:00,72.32,73.06,70.91,72.7,37786175.33269763
2024-03-12 05:00:00,72.6,73.09,71.66,72.7,25199627.59330654
2024-03-12 09:00:00,72.7,74.8,72.06,72.25,146130129.83893147
2024-03-12 13:00:00,72.25,73.57,71.47,73.3,53357954.54822122
2024-03-12 17:00:00,73.27,76.7,70.6,76.37,151591379.3413084
2024-03-12 21:00:00,76.4,76.61,72.8,75.1,180848417.37898645
2024-03-13 01:00:00,75.18,79.81,72.0,78.56,169916132.28175214
2024-03-13 05:00:00,78.56,82.92,76.69,82.66,194223433.5062171
2024-03-13 09:00:00,82.66,86.15,78.31,78.73,273221571.2356184
2024-03-13 13:00:00,78.73,79.89,78.42,79.45,64044070.34021681
2024-03-13 17:00:00,79.46,79.6,78.36,79.37,80890213.60821797
2024-03-13 21:00:00,79.38,81.16,77.43,78.99,105692357.21978845
2024-03-14 01:00:00,78.99,81.76,78.6,80.2,32723498.30942432
2024-03-14 05:00:00,80.28,83.35,79.58,83.3,57326045.48902815
2024-03-14 09:00:00,83.13,83.35,80.17,81.4,74656275.11879435
2024-03-14 13:00:00,81.5,81.9,80.15,81.6,38457500.54338947
2024-03-14 17:00:00,81.7,82.0,78.89,80.12,57981764.63186277
2024-03-14 21:00:00,80.3,80.3,73.59,77.4,169221381.41561463
2024-03-15 01:00:00,77.68,82.38,75.37,77.3,90161585.5986182
2024-03-15 05:00:00,77.43,81.95,77.43,81.22,45427471.60945596
2024-03-15 09:00:00,81.28,81.91,72.3,74.87,179067793.4071204
2024-03-15 13:00:00,74.65,76.13,72.9,75.58,79070841.22244002
2024-03-15 17:00:00,75.58,75.7,69.3,71.05,107891976.61441456
2024-03-15 21:00:00,71.21,73.75,70.8,73.08,50078892.18080133
2024-03-16 01:00:00,73.0,75.37,71.88,73.58,25420022.24650507
2024-03-16 05:00:00,73.58,75.1,71.7,74.37,39693838.01741875
2024-03-16 09:00:00,74.37,80.44,72.61,79.0,389120799.8406031
2024-03-16 13:00:00,79.0,79.94,74.58,76.19,203463116.38711223
2024-03-16 17:00:00,76.19,76.19,72.8,73.8,54796072.11456789
2024-03-16 21:00:00,73.79,73.79,70.68,71.88,45413691.86163421
2024-03-17 01:00:00,71.89,71.97,67.81,68.58,48375714.908506
2024-03-17 05:00:00,68.68,70.13,66.45,68.37,55754257.19369274
2024-03-17 09:00:00,68.37,70.51,63.93,68.54,146638345.3470297
2024-03-17 13:00:00,68.48,68.48,63.71,65.5,55372845.5925325
2024-03-17 17:00:00,65.59,68.2,65.24,67.05,45478684.45075224
2024-03-17 21:00:00,67.2,72.98,65.96,71.89,91137361.70919973
2024-03-18 01:00:00,71.9,72.71,70.3,72.62,31989736.17660631
2024-03-18 05:00:00,72.43,74.11,71.62,73.5,58998719.06204551
2024-03-18 09:00:00,73.5,73.5,70.07,72.01,67827969.09929757
2024-03-18 13:00:00,72.11,72.63,70.5,70.91,25090988.4065242
2024-03-18 17:00:00,71.0,71.44,68.87,70.89,35771529.59309477
2024-03-18 21:00:00,70.79,71.07,68.16,69.2,37562942.30145904
2024-03-19 01:00:00,69.17,69.6,67.34,68.24,15227465.77514547
2024-03-19 05:00:00,68.34,69.25,67.54,67.74,20490498.47910505
2024-03-19 09:00:00,67.8,68.38,62.55,63.83,77859894.49392942
2024-03-19 13:00:00,63.86,64.35,59.71,62.45,74754822.63967764
2024-03-19 17:00:00,62.46,62.48,59.28,61.7,69805653.8867106
2024-03-19 21:00:00,61.72,64.78,61.5,64.55,36511151.49528425
2024-03-20 01:00:00,64.51,65.71,64.05,65.24,14269553.19396268
2024-03-20 05:00:00,65.24,65.31,60.17,61.42,38327736.93704324
2024-03-20 09:00:00,61.5,62.53,59.85,60.77,42074791.507948
2024-03-20 13:00:00,60.89,62.47,58.13,62.0,44080669.6874359
2024-03-20 17:00:00,61.88,62.23,60.72,62.16,28249241.98744471
2024-03-20 21:00:00,62.15,63.91,61.1,61.41,53181237.67476489
2024-03-21 01:00:00,61.4,65.56,59.38,65.03,33386954.33281351
2024-03-21 05:00:00,64.88,67.35,64.88,67.18,37942906.46256003
2024-03-21 09:00:00,67.18,67.98,65.98,66.5,33557468.58383778
2024-03-21 13:00:00,66.4,66.8,64.47,66.02,24929107.51381944
2024-03-21 17:00:00,66.25,67.25,66.09,66.36,18646477.6630596
2024-03-21 21:00:00,66.36,66.93,65.46,66.11,21350178.32750639
2024-03-22 01:00:00,66.11,67.0,64.06,65.3,11087792.69657569
2024-03-22 05:00:00,65.15,66.1,64.29,65.01,10038639.01643296
2024-03-22 09:00:00,65.01,65.54,63.01,64.5,25001453.79741537
2024-03-22 13:00:00,64.42,65.08,63.83,64.17,12514909.072534
2024-03-22 17:00:00,64.16,64.59,61.95,62.12,21622811.71815511
2024-03-22 21:00:00,62.12,62.92,60.53,62.75,33466622.42456304
2024-03-23 01:00:00,62.53,62.89,61.7,62.89,4712282.75768498
2024-03-23 05:00:00,62.8,62.89,61.2,62.89,17326334.71532477
2024-03-23 09:00:00,62.81,67.48,62.04,62.9,320746980.5512412
2024-03-23 13:00:00,62.9,63.79,62.56,63.72,21860356.21256875
2024-03-23 17:00:00,63.72,63.82,62.61,63.02,18982585.17905003
2024-03-23 21:00:00,63.0,63.86,62.81,63.85,17965858.95209186
2024-03-24 01:00:00,63.77,63.88,63.0,63.33,13795672.1956862
2024-03-24 05:00:00,63.4,63.5,62.39,62.41,21116959.96154568
2024-03-24 09:00:00,62.42,63.34,62.09,62.15,21082778.39841927
2024-03-24 13:00:00,62.15,62.6,61.81,62.44,10846648.57287557
2024-03-24 17:00:00,62.44,63.09,62.37,62.87,11093301.47134119
2024-03-24 21:00:00,62.87,63.7,62.86,63.38,24760312.52833156
2024-03-25 01:00:00,63.4,64.48,62.7,64.28,10093101.09001473
2024-03-25 05:00:00,64.25,64.78,63.8,63.92,14241235.7040965
2024-03-25 09:00:00,63.92,66.67,63.51,65.24,71346787.16666159
2024-03-25 13:00:00,65.24,65.49,64.3,64.4,27647008.85302044
2024-03-25 17:00:00,64.41,65.5,64.41,65.0,15863244.75003046
2024-03-25 21:00:00,64.91,67.4,64.91,67.27,42555347.37780944
2024-03-26 01:00:00,67.36,72.62,67.2,71.96,153367921.71809593
2024-03-26 05:00:00,71.84,74.5,70.71,71.92,136890536.31520894
2024-03-26 09:00:00,71.92,79.83,71.4,76.5,270067858.0143442
2024-03-26 13:00:00,76.37,81.11,76.3,81.0,168589565.84623188
2024-03-26 17:00:00,81.0,92.66,79.89,86.69,1765187083.4948597
2024-03-26 21:00:00,86.69,88.91,80.54,81.45,451631732.9440001
2024-03-27 01:00:00,81.44,82.99,77.63,79.67,110760750.72891667
2024-03-27 05:00:00,79.67,82.56,79.58,81.17,101929454.2311439
2024-03-27 09:00:00,80.97,92.4,79.4,87.4,873099782.9703691
2024-03-27 13:00:00,87.4,87.61,82.67,82.89,214757985.21100584
2024-03-27 17:00:00,82.89,89.95,82.72,85.41,675818882.3517474
2024-03-27 21:00:00,85.4,87.38,82.4,82.9,184340620.9988756
2024-03-28 01:00:00,82.89,84.24,81.28,82.1,46759660.5736521
2024-03-28 05:00:00,82.12,83.62,81.03,81.47,64135459.32660749
2024-03-28 09:00:00,81.5,83.6,76.29,77.17,133668664.01281734
2024-03-28 13:00:00,77.17,79.06,76.69,78.37,44786975.13587625
2024-03-28 17:00:00,78.37,81.1,77.9,78.46,77476705.09082423
2024-03-28 21:00:00,78.48,79.66,77.51,79.65,31599428.55578035
2024-03-29 01:00:00,79.66,80.79,78.97,79.01,13174221.81272582
2024-03-29 05:00:00,79.0,79.65,78.55,78.81,13393299.76027657
2024-03-29 09:00:00,78.81,78.98,75.01,75.29,48362588.35073853
2024-03-29 13:00:00,75.29,76.7,74.85,75.0,22800797.79007752
2024-03-29 17:00:00,75.05,76.88,75.04,76.79,22080639.1193364
2024-03-29 21:00:00,76.78,77.3,75.32,75.9,36039702.50434008
2024-03-30 01:00:00,76.2,77.85,75.9,76.47,8367101.0584004
2024-03-30 05:00:00,76.43,77.05,75.54,76.78,9308922.17597925
2024-03-30 09:00:00,76.78,80.22,76.15,76.22,200026293.75776625
2024-03-30 13:00:00,76.3,79.43,75.82,76.52,153446971.6028727
2024-03-30 17:00:00,76.52,77.55,76.49,77.0,26530299.46093347
2024-03-30 21:00:00,77.0,79.71,76.78,79.71,43008583.58450657
2024-03-31 01:00:00,79.7,80.73,78.63,79.92,41059417.20610123
2024-03-31 05:00:00,79.92,82.49,77.4,77.7,48673843.59434232
2024-03-31 09:00:00,77.71,81.03,77.17,79.89,67085783.21698065
2024-03-31 13:00:00,79.89,86.25,78.88,82.28,560069042.2107592
2024-03-31 17:00:00,82.3,90.61,81.5,88.56,715484505.5307784
2024-03-31 21:00:00,88.56,92.55,83.95,84.76,1004775270.7176652
2024-04-01 01:00:00,84.71,85.11,83.69,84.7,37222127.53000728
2024-04-01 05:00:00,84.9,87.1,83.65,84.35,155030087.89098316
2024-04-01 09:00:00,84.35,96.42,83.7,93.44,1003294443.5134472
2024-04-01 13:00:00,93.35,97.96,90.35,91.9,1056004235.2643094
2024-04-01 17:00:00,91.91,92.58,89.19,90.3,278635662.7823695
2024-04-01 21:00:00,90.3,95.5,90.12,91.4,740063436.8812495
2024-04-02 01:00:00,91.4,95.8,91.08,95.25,162613967.6537257
2024-04-02 05:00:00,95.22,97.49,93.3,96.99,269109590.8397032
2024-04-02 09:00:00,97.09,97.12,86.0,86.91,591298461.5027328
2024-04-02 13:00:00,86.8,87.54,83.76,84.13,226610970.4054304
2024-04-02 17:00:00,84.13,84.8,81.61,83.23,211887911.5792353
2024-04-02 21:00:00,83.24,85.95,81.91,83.86,197117155.7492556
2024-04-03 01:00:00,83.82,84.51,83.0,83.01,24700877.58891345
2024-04-03 05:00:00,83.01,83.4,81.34,81.93,90401272.74011353
2024-04-03 09:00:00,81.91,81.98,76.09,79.2,199987246.89598328
2024-04-03 13:00:00,79.24,79.95,77.92,79.36,63090099.37626134
2024-04-03 17:00:00,79.38,82.25,78.55,79.58,77081280.90751524
2024-04-03 21:00:00,79.58,80.5,78.0,78.76,41589061.22135716
2024-04-04 01:00:00,78.76,80.0,76.39,76.89,21265836.2829062
2024-04-04 05:00:00,76.85,78.93,76.13,77.82,30816085.4550892
2024-04-04 09:00:00,77.82,79.11,76.1,76.23,50662991.55314216
2024-04-04 13:00:00,76.1,77.94,75.0,77.63,29444627.35796863
2024-04-04 17:00:00,77.59,79.33,77.29,78.53,31919628.45004312
2024-04-04 21:00:00,78.55,82.2,78.09,81.16,75101275.58035873
2024-04-05 01:00:00,81.16,83.77,80.81,82.08,37487768.71366947
2024-04-05 05:00:00,82.06,82.1,80.24,81.46,36308516.49881398
2024-04-05 09:00:00,81.45,81.46,77.61,79.25,72778065.66683511
2024-04-05 13:00:00,79.24,79.46,76.85,78.04,32882094.79570737
2024-04-05 17:00:00,78.12,79.12,76.0,76.28,34022954.68436552
2024-04-05 21:00:00,76.28,79.5,75.7,79.43,33050618.66340861
2024-04-06 01:00:00,79.43,81.1,78.9,80.7,21037681.33556106
2024-04-06 05:00:00,80.75,81.15,79.75,79.87,9996179.18259201
2024-04-06 09:00:00,79.82,82.5,78.98,81.36,54230363.19821436
2024-04-06 13:00:00,81.35,82.25,80.6,81.13,20823431.37221641
2024-04-06 17:00:00,81.13,82.58,81.1,81.82,28084985.5532064
2024-04-06 21:00:00,81.83,85.94,81.62,83.65,202519004.091724
2024-04-07 01:00:00,83.65,90.0,83.55,87.94,130598304.09766357
2024-04-07 05:00:00,88.03,88.2,84.4,84.61,73305755.36413462
2024-04-07 09:00:00,84.6,90.0,83.87,89.21,283004821.1767577
2024-04-07 13:00:00,89.21,95.5,87.53,94.41,525202741.89695966
2024-04-07 17:00:00,94.39,95.02,90.91,91.65,453069303.6568506
2024-04-07 21:00:00,91.66,93.65,90.05,92.93,236792621.13241863
2024-04-08 01:00:00,92.84,95.0,92.62,93.69,120836523.26715992
2024-04-08 05:00:00,93.79,94.99,91.06,91.15,127337927.3424755
2024-04-08 09:00:00,91.15,93.15,87.92,88.85,294893893.0167586
2024-04-08 13:00:00,88.85,91.42,87.97,90.95,87640237.59740593
2024-04-08 17:00:00,90.95,92.8,89.67,90.38,167569152.2165987
2024-04-08 21:00:00,90.3,90.99,88.15,88.47,110088367.61227871
2024-04-09 01:00:00,88.47,89.3,88.3,89.25,14774335.56322074
2024-04-09 05:00:00,89.11,89.42,88.7,89.05,34072800.80582289
2024-04-09 09:00:00,89.0,89.19,87.62,88.53,53555400.10176056
2024-04-09 13:00:00,88.53,88.96,85.28,85.9,42319573.64648075
2024-04-09 17:00:00,85.94,87.96,84.88,87.29,34579017.61350433
2024-04-09 21:00:00,87.29,87.75,85.32,87.75,34658241.91478283
2024-04-10 01:00:00,87.75,87.83,86.23,87.5,9509919.67875758
2024-04-10 05:00:00,87.5,87.96,85.5,85.88,9799536.98621424
2024-04-10 09:00:00,85.88,90.73,84.17,85.89,302326810.66319025
2024-04-10 13:00:00,85.9,87.17,85.67,85.83,24440459.53512543
2024-04-10 17:00:00,85.76,86.65,83.32,84.8,25226926.47389547
2024-04-10 21:00:00,84.8,84.99,81.55,84.45,54805740.08921436
2024-04-11 01:00:00,84.31,85.94,83.82,85.64,14365181.95075543
2024-04-11 05:00:00,85.68,87.01,85.02,85.04,24467691.72194912
2024-04-11 09:00:00,85.04,85.49,83.32,84.99,34030691.1987089
2024-04-11 13:00:00,84.99,86.1,84.0,85.31,20540937.95298373
2024-04-11 17:00:00,85.5,85.9,83.65,83.98,23782259.18172622
2024-04-11 21:00:00,83.94,85.46,83.52,84.18,27848459.42068153
2024-04-12 01:00:00,84.05,84.78,82.78,82.94,14279554.24053518
2024-04-12 05:00:00,82.89,84.1,82.68,83.71,12339338.58398734
2024-04-12 09:00:00,83.73,84.1,82.59,83.35,25788676.34762718
2024-04-12 13:00:00,83.35,83.94,82.2,82.37,13280462.89467886
2024-04-12 17:00:00,82.37,82.89,81.63,82.31,18757922.17583915
2024-04-12 21:00:00,82.31,82.53,78.1,79.27,56763724.92591783
2024-04-13 01:00:00,79.27,79.34,69.69,70.31,120181520.01062672
2024-04-13 05:00:00,70.24,72.9,69.91,71.6,103061174.18264288
2024-04-13 09:00:00,71.61,71.61,65.59,69.46,83812888.29887128
2024-04-13 13:00:00,69.46,71.12,69.25,70.0,22344751.47589817
2024-04-13 17:00:00,70.0,71.25,68.9,70.27,14922675.46418537
2024-04-13 21:00:00,70.27,71.59,69.37,69.87,16251096.92423577
2024-04-14 01:00:00,69.79,70.0,61.22,62.73,67011168.17081459
2024-04-14 05:00:00,62.91,63.42,53.0,60.99,175280796.41190702
2024-04-14 09:00:00,60.91,61.23,58.0,60.09,60961506.60777759
2024-04-14 13:00:00,60.1,64.58,59.74,64.49,52396690.13197523
2024-04-14 17:00:00,64.42,64.73,60.65,61.23,34575596.20333265
2024-04-14 21:00:00,61.23,63.21,60.61,61.96,25777184.82743434
2024-04-15 01:00:00,62.0,63.8,60.51,62.76,22837465.22535715
2024-04-15 05:00:00,62.78,67.0,61.97,65.96,41870712.72958588
2024-04-15 09:00:00,66.07,66.07,63.26,64.21,27571153.15078581
2024-04-15 13:00:00,64.12,69.09,63.25,67.87,55992966.69267019
2024-04-15 17:00:00,67.96,69.53,66.88,67.77,30287145.14695944
2024-04-15 21:00:00,67.77,68.83,65.0,67.39,51625323.47013882
2024-04-16 01:00:00,67.38,67.79,62.72,65.42,25917717.56163311
2024-04-16 05:00:00,65.4,66.61,64.16,65.17,18494552.12399122
2024-04-16 09:00:00,65.17,65.71,62.65,63.02,30139036.59685768
2024-04-16 13:00:00,63.02,65.1,60.94,64.71,27341430.41683004
2024-04-16 17:00:00,64.52,64.58,61.8,64.34,18427605.08244287
2024-04-16 21:00:00,64.05,64.05,61.28,61.57,17313730.70259616
2024-04-17 01:00:00,61.47,63.99,61.0,62.6,9306612.40078772
2024-04-17 05:00:00,62.76,64.6,62.6,63.91,12711165.72879093
2024-04-17 09:00:00,63.92,64.48,62.77,63.49,13081334.52418557
2024-04-17 13:00:00,63.2,64.37,62.63,63.82,11906961.67703153
2024-04-17 17:00:00,63.95,64.23,62.04,62.11,7455232.54406054
2024-04-17 21:00:00,62.18,63.27,60.84,61.57,25117777.15984962
2024-04-18 01:00:00,61.44,65.6,60.5,64.23,20870320.55205491
2024-04-18 05:00:00,64.38,65.65,63.45,63.5,14303709.84879779
2024-04-18 09:00:00,63.51,65.2,61.88,64.37,20117929.1333755
2024-04-18 13:00:00,64.36,64.59,61.38,61.88,17652240.84118147
2024-04-18 17:00:00,61.87,64.51,61.01,63.89,11438071.02859351
2024-04-18 21:00:00,63.82,67.05,62.2,66.9,28809939.01019942
2024-04-19 01:00:00,66.9,68.0,65.65,66.49,16031932.97114136
2024-04-19 05:00:00,66.49,67.51,65.9,67.27,11423923.75278666
2024-04-19 09:00:00,67.27,69.26,62.0,65.59,69758019.91831937
2024-04-19 13:00:00,65.58,68.27,64.41,66.81,31517349.35225765
2024-04-19 17:00:00,66.81,68.49,66.35,67.79,18797798.42552045
2024-04-19 21:00:00,67.8,69.49,67.12,68.6,29944172.28899287
2024-04-20 01:00:00,68.74,68.77,67.41,68.35,8420640.48197747
2024-04-20 05:00:00,68.25,68.6,66.14,67.48,11880076.53204419
2024-04-20 09:00:00,67.45,70.0,67.07,69.6,50921532.64522128
2024-04-20 13:00:00,69.55,76.0,69.5,73.44,286296751.9892943
2024-04-20 17:00:00,73.44,74.0,69.85,70.01,139839564.22185707
2024-04-20 21:00:00,70.09,71.86,69.75,71.68,35648732.13697516
2024-04-21 01:00:00,71.68,72.4,71.0,71.34,23319791.25210042
2024-04-21 05:00:00,71.34,71.9,70.87,71.33,15420950.59448313
2024-04-21 09:00:00,71.34,71.88,70.08,71.24,43477442.31928738
2024-04-21 13:00:00,71.24,71.63,70.59,71.14,16061751.17578177
2024-04-21 17:00:00,71.22,71.81,70.54,71.62,25587753.58882197
2024-04-21 21:00:00,71.62,71.93,70.41,71.62,23200534.9351017
2024-04-22 01:00:00,71.61,71.65,69.74,70.4,11276174.66474648
2024-04-22 05:00:00,70.27,71.31,70.11,70.41,8559299.38890269
2024-04-22 09:00:00,70.6,72.19,70.2,71.97,38118644.85736582
2024-04-22 13:00:00,72.03,74.37,71.98,73.2,41140666.52881203
2024-04-22 17:00:00,73.2,73.75,72.16,73.18,26494941.885447
2024-04-22 21:00:00,73.18,78.53,72.62,76.32,160889361.61509818
2024-04-23 01:00:00,76.36,79.06,75.23,75.53,114600434.90781422
2024-04-23 05:00:00,75.56,77.98,75.09,77.12,81260513.91878134
2024-04-23 09:00:00,77.1,82.28,76.79,78.55,247241833.62578952
2024-04-23 13:00:00,78.6,79.39,76.34,77.33,87058753.7902558
2024-04-23 17:00:00,77.33,78.5,75.72,76.97,64893092.41060972
2024-04-23 21:00:00,76.98,80.63,76.64,79.4,98666259.197532
2024-04-24 01:00:00,79.42,79.59,77.95,78.66,17354171.04289429
2024-04-24 05:00:00,78.7,79.31,77.44,78.62,42164942.84035214
2024-04-24 09:00:00,78.67,81.47,77.46,77.53,106640043.0048491
2024-04-24 13:00:00,77.54,79.29,77.25,77.57,35100319.26176485
2024-04-24 17:00:00,77.54,79.2,77.0,78.64,29260053.77821673
2024-04-24 21:00:00,78.64,78.67,73.05,73.1,60374693.37127237
2024-04-25 01:00:00,73.1,75.5,72.5,73.85,31055342.21004815
2024-04-25 05:00:00,73.64,74.1,72.36,73.23,22961170.65617181
2024-04-25 09:00:00,73.38,77.66,73.0,73.2,122587639.54441269
2024-04-25 13:00:00,73.2,73.73,71.81,72.05,32365249.94701453
2024-04-25 17:00:00,72.06,74.6,71.79,73.77,39963720.58124838
2024-04-25 21:00:00,73.77,76.09,72.56,75.79,40667900.65591389
2024-04-26 01:00:00,75.79,77.44,75.35,76.6,31549223.0977729
2024-04-26 05:00:00,76.6,79.59,76.48,76.61,42525284.12042811
2024-04-26 09:00:00,76.72,77.35,73.6,73.99,33285964.90117291
2024-04-26 13:00:00,74.0,75.83,73.51,73.8,16103109.56806733
2024-04-26 17:00:00,73.7,74.7,73.33,73.4,12096965.85626448
2024-04-26 21:00:00,73.4,75.22,72.76,73.61,23504387.8016604
2024-04-27 01:00:00,73.54,74.14,73.21,73.21,4671485.87997675
2024-04-27 05:00:00,73.3,73.74,72.38,72.6,7277824.91501701
2024-04-27 09:00:00,72.6,73.48,69.24,70.17,32726091.54357154
2024-04-27 13:00:00,70.18,71.89,69.63,71.56,13863161.12010989
2024-04-27 17:00:00,71.57,73.27,70.62,71.26,25582122.44382933
2024-04-27 21:00:00,71.27,73.85,71.19,72.88,20471466.23317606
2024-04-28 01:00:00,72.9,77.0,72.75,76.56,28649099.88882072
2024-04-28 05:00:00,76.55,80.3,76.5,78.38,78563965.27611747
2024-04-28 09:00:00,78.38,81.0,77.33,77.91,87401642.1932239
2024-04-28 13:00:00,77.91,78.49,77.24,78.19,13303432.55379343
2024-04-28 17:00:00,78.28,78.29,76.0,76.36,20600975.69897766
2024-04-28 21:00:00,76.36,77.07,76.0,76.04,17703606.09708697
2024-04-29 01:00:00,76.04,77.26,75.65,76.72,4166660.06784884
2024-04-29 05:00:00,76.6,77.0,74.6,75.0,15072367.25955757
2024-04-29 09:00:00,75.02,76.69,73.4,73.5,40755380.92262763
2024-04-29 13:00:00,73.47,75.46,71.78,73.16,28663473.87470376
2024-04-29 17:00:00,73.02,73.38,72.11,72.43,12344077.54097085
2024-04-29 21:00:00,72.26,75.2,71.5,75.17,15817656.98832919
2024-04-30 01:00:00,75.2,76.69,74.34,76.56,13133459.03144097
2024-04-30 05:00:00,76.61,77.54,74.87,76.68,23496327.59552296
2024-04-30 09:00:00,76.7,77.47,74.55,75.41,22767025.0213585
2024-04-30 13:00:00,75.41,76.25,74.69,74.72,12072912.07726584
2024-04-30 17:00:00,74.73,74.8,69.15,69.76,49393312.96205603
2024-04-30 21:00:00,69.72,70.5,66.62,67.33,62067754.59955423
2024-05-01 01:00:00,67.26,67.26,65.76,66.7,24118853.91428683
2024-05-01 05:00:00,66.71,69.33,66.71,67.64,20903682.6235683
2024-05-01 09:00:00,67.64,67.83,63.93,65.67,41573180.88748355
2024-05-01 13:00:00,65.67,65.9,61.5,61.78,34842233.78043923
2024-05-01 17:00:00,61.8,63.18,60.06,62.55,53206525.75219786
2024-05-01 21:00:00,62.57,63.92,61.15,61.2,27755392.6016163
2024-05-02 01:00:00,61.2,67.1,60.7,63.99,33560790.50257726
2024-05-02 05:00:00,63.99,66.33,63.51,65.97,19187276.0465911
2024-05-02 09:00:00,65.99,66.16,62.61,63.8,22413443.88406933
2024-05-02 13:00:00,63.77,64.43,62.57,63.5,7432448.74709381
2024-05-02 17:00:00,63.45,65.95,63.1,65.77,13447877.19609172
2024-05-02 21:00:00,65.77,66.61,64.05,66.28,18716375.97982303
2024-05-03 01:00:00,66.26,66.26,65.13,65.67,5486993.36744313
2024-05-03 05:00:00,65.69,66.48,65.0,65.32,7975220.82122594
2024-05-03 09:00:00,65.32,67.63,64.73,66.76,21150562.33934562
2024-05-03 13:00:00,66.77,67.73,66.16,66.67,16564918.79241377
2024-05-03 17:00:00,66.66,67.27,65.6,66.29,13522485.74902514
2024-05-03 21:00:00,66.29,69.5,65.99,68.68,32720760.46163622
2024-05-04 01:00:00,68.68,70.48,68.68,70.48,10829100.26696193
2024-05-04 05:00:00,70.48,71.1,69.9,70.26,11732431.59208994
2024-05-04 09:00:00,70.26,71.19,69.08,69.7,19320389.37587581
2024-05-04 13:00:00,69.71,70.91,69.71,69.78,10890153.70388248
2024-05-04 17:00:00,69.8,71.19,69.76,70.36,10365957.67778551
2024-05-04 21:00:00,70.36,71.9,70.35,71.25,19086514.48673929
2024-05-05 01:00:00,71.25,71.33,70.45,70.92,11348334.32531586
2024-05-05 05:00:00,70.92,71.12,69.86,70.08,6204924.49307662
2024-05-05 09:00:00,70.05,70.4,67.6,68.55,21994246.53925749
2024-05-05 13:00:00,68.54,69.45,67.78,69.05,14242966.54405876
2024-05-05 17:00:00,69.05,69.5,68.71,69.0,7488277.77600615
2024-05-05 21:00:00,68.95,70.59,68.14,70.35,16478974.31461264
2024-05-06 01:00:00,70.45,71.49,69.5,70.22,12749249.23211095
2024-05-06 05:00:00,70.22,70.34,69.21,69.47,5444604.11629218
2024-05-06 09:00:00,69.52,70.18,68.68,69.12,15100533.59804464
2024-05-06 13:00:00,69.12,70.41,68.78,70.41,8743645.66734627
2024-05-06 17:00:00,70.41,71.18,68.68,69.69,21518211.60950942
2024-05-06 21:00:00,69.47,70.0,66.77,68.01,32340495.95748299
2024-05-07 01:00:00,68.01,68.14,67.04,67.57,6170916.01487124
2024-05-07 05:00:00,67.58,68.03,66.72,66.79,6090198.1663637
2024-05-07 09:00:00,66.79,67.83,65.7,66.43,17693668.6663396
2024-05-07 13:00:00,66.61,66.69,65.7,66.16,11984105.94786753
2024-05-07 17:00:00,66.16,68.2,66.04,67.12,14502688.88890366
2024-05-07 21:00:00,67.12,68.15,66.7,67.57,14557339.18110167
2024-05-08 01:00:00,67.5,67.77,66.4,66.41,6548980.28130696
2024-05-08 05:00:00,66.4,66.98,64.61,64.64,16496086.01873441
2024-05-08 09:00:00,64.75,65.47,64.04,65.06,14093390.53515169
2024-05-08 13:00:00,65.06,65.2,63.62,63.68,13415729.71145074
2024-05-08 17:00:00,63.7,64.5,63.5,63.84,8326401.71086457
2024-05-08 21:00:00,63.84,65.77,63.51,64.97,13098118.69090131
2024-05-09 01:00:00,64.9,65.56,64.09,64.4,3792252.40245607
2024-05-09 05:00:00,64.45,64.45,61.82,62.28,16261161.07283313
2024-05-09 09:00:00,62.27,63.02,61.9,62.72,8769511.45578577
2024-05-09 13:00:00,62.72,63.49,62.35,62.51,6712337.60469203
2024-05-09 17:00:00,62.64,62.77,61.1,62.14,10086752.66603026
2024-05-09 21:00:00,62.1,64.48,61.94,64.08,14631934.63463189
2024-05-10 01:00:00,64.07,64.9,63.79,64.41,5248285.88260881
2024-05-10 05:00:00,64.36,65.28,63.97,64.67,5342675.89459445
2024-05-10 09:00:00,64.67,65.28,64.21,65.12,12582617.96378087
2024-05-10 13:00:00,65.12,65.58,64.51,65.1,7965827.77021886
2024-05-10 17:00:00,65.13,65.75,64.71,65.59,6406781.03023842
2024-05-10 21:00:00,65.69,65.96,61.81,62.3,16749461.31876452
2024-05-11 01:00:00,62.25,63.13,61.61,61.88,12322327.53711028
2024-05-11 05:00:00,61.95,62.64,61.3,62.43,5551145.78022441
2024-05-11 09:00:00,62.5,64.17,62.25,62.54,12050973.3094214
2024-05-11 13:00:00,62.53,63.0,62.41,62.55,3779534.28762114
2024-05-11 17:00:00,62.7,62.7,61.3,61.79,8460618.94921621
2024-05-11 21:00:00,61.7,63.1,61.7,62.64,4149869.96431883
2024-05-12 01:00:00,62.65,62.65,62.03,62.29,1634226.97977271
2024-05-12 05:00:00,62.1,62.32,61.3,61.38,3854778.71279021
2024-05-12 09:00:00,61.41,61.75,61.1,61.23,4879966.33143652
2024-05-12 13:00:00,61.23,61.37,60.37,60.6,7591431.99640719
2024-05-12 17:00:00,60.66,61.68,60.4,61.06,7171146.97036771
2024-05-12 21:00:00,61.2,61.2,60.5,60.85,4611564.34348676
2024-05-13 01:00:00,60.87,61.5,60.25,60.49,5813704.430916
2024-05-13 05:00:00,60.3,60.32,59.65,59.89,7994994.72704762
2024-05-13 09:00:00,59.88,60.49,56.9,57.94,24802289.77918769
2024-05-13 13:00:00,57.87,60.2,57.5,59.95,12304634.01263103
2024-05-13 17:00:00,60.1,60.96,59.66,60.05,13459286.38634392
2024-05-13 21:00:00,60.05,60.81,59.53,60.6,9333050.14707178
2024-05-14 01:00:00,60.61,61.58,59.41,59.95,6099163.45033362
2024-05-14 05:00:00,60.0,60.49,59.5,59.72,3440835.2853169
2024-05-14 09:00:00,59.85,60.39,58.83,59.55,8840494.50971605
2024-05-14 13:00:00,59.56,61.18,58.94,60.21,10654156.27109904
2024-05-14 17:00:00,60.02,60.02,59.2,59.33,4614616.85189712
2024-05-14 21:00:00,59.33,59.86,58.32,59.45,11162915.83754236
2024-05-15 01:00:00,59.3,59.3,57.93,58.31,3776180.79584277
2024-05-15 05:00:00,58.26,58.48,57.82,57.9,3143337.79529581
2024-05-15 09:00:00,57.91,59.28,57.75,59.15,7996970.19255263
2024-05-15 13:00:00,59.19,59.2,58.49,58.8,6250419.54631894
2024-05-15 17:00:00,58.82,59.15,57.78,58.47,9837561.10958026
2024-05-15 21:00:00,58.4,62.98,58.38,60.88,111956691.9559322
2024-05-16 01:00:00,60.98,62.27,60.69,62.27,7989411.27744142
2024-05-16 05:00:00,62.27,62.36,61.51,61.84,9524248.15240352
2024-05-16 09:00:00,61.83,64.02,61.7,63.35,52086861.00714591
2024-05-16 13:00:00,63.35,63.54,62.4,63.03,12972067.98504171
2024-05-16 17:00:00,63.02,63.38,62.41,62.75,13917418.46244386
2024-05-16 21:00:00,62.91,62.99,60.43,61.11,22273614.50379532
2024-05-17 01:00:00,61.16,61.3,60.49,60.84,3383762.36734667
2024-05-17 05:00:00,60.78,61.14,60.43,60.85,5186244.26916756
2024-05-17 09:00:00,60.85,61.35,60.3,60.86,8587629.22563723
2024-05-17 13:00:00,60.86,61.9,60.5,61.79,15075736.3168667
2024-05-17 17:00:00,61.79,62.19,61.42,61.82,12892777.01635875
2024-05-17 21:00:00,61.82,63.09,61.52,63.0,9453696.64141192
2024-05-18 01:00:00,63.0,63.38,62.1,62.35,4719422.48669406
2024-05-18 05:00:00,62.35,62.5,62.15,62.18,3552985.90994835
2024-05-18 09:00:00,62.19,62.99,61.88,62.93,10934398.46520209
2024-05-18 13:00:00,62.87,63.2,62.4,62.8,6752267.46439229
2024-05-18 17:00:00,62.8,63.47,62.8,63.01,5667562.07691704
2024-05-18 21:00:00,63.12,63.19,61.84,62.54,8912149.65635231
2024-05-19 01:00:00,62.33,62.75,62.27,62.53,2125717.00518369
2024-05-19 05:00:00,62.53,62.94,62.3,62.75,2160830.22686432
2024-05-19 09:00:00,62.75,63.81,62.51,63.29,19696070.55535576
2024-05-19 13:00:00,63.29,63.37,62.47,62.7,7903226.42394163
2024-05-19 17:00:00,62.7,62.7,61.35,61.73,9191691.2291146
2024-05-19 21:00:00,61.78,61.78,59.81,60.77,16176318.84570012
2024-05-20 01:00:00,60.67,60.8,59.91,60.03,2588134.76097947
2024-05-20 05:00:00,60.24,60.44,59.26,60.0,6110457.59714354
2024-05-20 09:00:00,60.0,60.3,58.83,60.23,12475409.4133661
2024-05-20 13:00:00,60.23,61.48,59.83,60.77,8348683.41424883
2024-05-20 17:00:00,60.9,61.16,60.33,60.42,3861255.16155261
2024-05-20 21:00:00,60.42,61.34,60.12,61.25,5415518.57382816
2024-05-21 01:00:00,61.3,63.67,61.21,63.5,10730048.44467868
2024-05-21 05:00:00,63.5,64.5,62.66,64.44,21141374.01621609
2024-05-21 09:00:00,64.43,65.13,62.9,63.8,29274326.1232797
2024-05-21 13:00:00,63.93,64.6,63.61,64.27,9329009.19987024
2024-05-21 17:00:00,64.21,64.98,64.03,64.44,13336983.6826788
2024-05-21 21:00:00,64.47,65.6,63.87,63.93,21632124.4437811
2024-05-22 01:00:00,63.96,65.27,63.32,63.5,8239947.41034007
2024-05-22 05:00:00,63.58,64.6,63.5,64.3,6489132.58649877
2024-05-22 09:00:00,64.44,64.58,63.3,63.31,12589983.31368685
2024-05-22 13:00:00,63.3,63.95,62.05,63.59,12346485.28953122
2024-05-22 17:00:00,63.6,65.26,63.3,64.6,12200625.47132429
2024-05-22 21:00:00,64.61,66.49,63.16,65.69,51599730.36481303
2024-05-23 01:00:00,65.64,66.59,64.59,66.33,10700864.57270904
2024-05-23 05:00:00,66.33,66.69,65.23,65.67,21154107.64772298
2024-05-23 09:00:00,65.77,66.55,65.36,66.28,23042075.03013201
2024-05-23 13:00:00,66.36,66.46,65.66,65.92,7245108.5800258
2024-05-23 17:00:00,65.92,66.13,64.4,65.63,16083210.32054359
2024-05-23 21:00:00,65.63,66.04,62.22,63.54,26113413.94491404
2024-05-24 01:00:00,63.49,63.57,61.78,62.49,6659441.97125023
2024-05-24 05:00:00,62.49,64.93,60.59,64.11,16362983.4610984
2024-05-24 09:00:00,64.12,64.7,63.61,64.64,5497129.93783367
2024-05-24 13:00:00,64.64,64.84,62.55,63.39,15555751.44505494
2024-05-24 17:00:00,63.39,63.73,62.41,63.44,5677119.43171038
2024-05-24 21:00:00,63.44,64.93,63.19,63.99,5395925.49689939
2024-05-25 01:00:00,63.99,64.95,63.13,64.04,4537837.3976429
2024-05-25 05:00:00,64.04,64.45,63.88,64.3,2742613.14096685
2024-05-25 09:00:00,64.3,64.44,63.75,63.82,5062657.07993056
2024-05-25 13:00:00,63.86,64.6,63.84,64.0,5472988.66193845
2024-05-25 17:00:00,63.99,64.41,63.86,64.17,5851216.84362316
2024-05-25 21:00:00,64.17,64.54,63.45,64.29,5135905.35578844
2024-05-26 01:00:00,64.29,64.3,63.9,64.06,1086413.44366621
2024-05-26 05:00:00,63.98,64.35,63.77,64.1,3270954.19746821
2024-05-26 09:00:00,64.15,64.58,63.78,64.3,5689741.42018318
2024-05-26 13:00:00,64.3,64.46,63.84,64.17,2495905.49989232
2024-05-26 17:00:00,64.05,64.6,63.54,64.08,4849834.62715568
2024-05-26 21:00:00,64.08,64.35,63.5,64.01,4181591.29745374
2024-05-27 01:00:00,64.01,64.2,63.6,64.11,1428039.11013845
2024-05-27 05:00:00,64.06,64.17,63.01,63.01,3143712.04541349
2024-05-27 09:00:00,63.05,63.82,63.01,63.37,4713563.72375063
2024-05-27 13:00:00,63.37,63.61,62.06,62.65,4973081.25212903
2024-05-27 17:00:00,62.58,63.19,62.5,63.1,4361905.87518438
2024-05-27 21:00:00,62.95,64.19,62.73,64.07,6158399.38841925
2024-05-28 01:00:00,64.07,64.69,63.13,63.41,9366559.28051379
2024-05-28 05:00:00,63.41,64.59,63.41,64.16,4017965.02515647
2024-05-28 09:00:00,64.05,64.51,62.65,62.89,16028437.59337576
2024-05-28 13:00:00,63.08,63.12,62.02,62.06,10805675.53958398
2024-05-28 17:00:00,62.06,63.93,62.06,63.3,4630719.36161431
2024-05-28 21:00:00,63.3,63.47,62.36,63.07,5224810.94516774
2024-05-29 01:00:00,63.08,63.08,61.7,62.69,3802227.28665079
2024-05-29 05:00:00,62.7,63.08,62.25,62.3,4653132.09731762
2024-05-29 09:00:00,62.39,62.69,61.88,62.31,4150592.3467257
2024-05-29 13:00:00,62.34,63.13,62.26,62.44,6062817.11593733
2024-05-29 17:00:00,62.34,63.41,61.71,62.6,8877709.84497738
2024-05-29 21:00:00,62.79,63.1,61.56,61.56,8630749.71237004
2024-05-30 01:00:00,61.69,62.0,61.1,61.1,4514097.6445965
2024-05-30 05:00:00,61.19,61.26,60.56,60.83,6225848.0846014
2024-05-30 09:00:00,60.9,61.43,60.7,61.38,6465278.60373342
2024-05-30 13:00:00,61.37,61.51,59.5,59.69,9819975.66580175
2024-05-30 17:00:00,59.62,60.6,59.15,60.22,11100040.12644926
2024-05-30 21:00:00,60.22,61.49,60.17,61.36,6129701.17035672
2024-05-31 01:00:00,61.38,61.99,61.14,61.35,3758041.0599253
2024-05-31 05:00:00,61.26,61.26,60.14,60.14,3053667.99166405
2024-05-31 09:00:00,60.19,60.19,59.37,59.99,8345377.33538984
2024-05-31 13:00:00,59.95,60.14,59.11,59.59,7692726.61554101
2024-05-31 17:00:00,59.46,59.78,58.97,59.69,6587312.56694225
2024-05-31 21:00:00,59.71,60.77,59.39,59.64,6292185.2798592
2024-06-01 01:00:00,59.64,60.26,59.13,60.08,1806426.24777959
2024-06-01 05:00:00,60.35,60.65,59.92,59.94,1231755.66948753
2024-06-01 09:00:00,59.94,60.19,59.5,60.05,3275394.11027807
2024-06-01 13:00:00,60.01,60.19,59.83,59.85,2076718.70292586
2024-06-01 17:00:00,59.96,60.2,59.59,59.85,2315961.14845059
2024-06-01 21:00:00,59.85,60.2,59.68,59.87,1776468.55973644
2024-06-02 01:00:00,59.93,60.18,59.83,59.9,355749.72086904
2024-06-02 05:00:00,59.9,60.53,59.8,60.02,2082638.94259188
2024-06-02 09:00:00,60.1,60.58,60.0,60.52,1349434.52469093
2024-06-02 13:00:00,60.54,60.65,59.99,60.3,1147236.95774558
2024-06-02 17:00:00,60.3,60.77,60.02,60.66,1860562.68138292
2024-06-02 21:00:00,60.68,61.26,60.4,61.26,3059319.16390049
2024-06-03 01:00:00,61.26,61.26,59.89,61.12,4979219.36628881
2024-06-03 05:00:00,60.93,61.46,60.76,60.99,5294129.01115464
2024-06-03 09:00:00,61.02,61.68,60.24,61.07,5523716.79139814
2024-06-03 13:00:00,61.08,61.84,60.0,61.45,7420619.36311215
2024-06-03 17:00:00,61.45,61.72,60.8,61.04,3360122.6276118
2024-06-03 21:00:00,61.04,61.55,60.22,60.58,5620927.31672231
2024-06-04 01:00:00,60.52,60.52,59.9,60.06,1321959.98920102
2024-06-04 05:00:00,60.05,60.05,58.91,59.0,6398849.43818344
2024-06-04 09:00:00,59.11,59.39,58.39,59.11,6270780.85108538
2024-06-04 13:00:00,59.07,59.36,58.77,59.15,4742262.5921334
2024-06-04 17:00:00,59.08,59.25,58.44,58.96,3020540.76121753
2024-06-04 21:00:00,58.89,59.56,58.8,59.23,7027831.2501302
2024-06-05 01:00:00,59.23,59.8,59.11,59.51,2014131.42877737
2024-06-05 05:00:00,59.4,59.9,59.19,59.89,4055652.55688451
2024-06-05 09:00:00,59.9,60.5,59.82,60.1,4930418.13107789
2024-06-05 13:00:00,60.15,60.84,60.0,60.48,2352266.20122185
2024-06-05 17:00:00,60.39,60.55,59.74,60.1,2580942.55715572
2024-06-05 21:00:00,60.09,60.84,59.53,60.75,4163031.00302078
2024-06-06 01:00:00,60.66,61.87,60.6,61.87,2919459.71186732
2024-06-06 05:00:00,61.87,62.95,61.72,62.77,8656853.4518133
2024-06-06 09:00:00,62.65,63.04,62.04,62.05,5462636.86947071
2024-06-06 13:00:00,62.05,62.31,61.34,62.13,4625427.36635385
2024-06-06 17:00:00,62.2,62.81,61.9,62.39,1840776.25600911
2024-06-06 21:00:00,62.38,63.62,62.38,63.4,9619363.46167417
2024-06-07 01:00:00,63.4,63.51,61.6,61.69,3327497.866453
2024-06-07 05:00:00,61.69,62.33,61.03,61.6,3350544.09439863
2024-06-07 09:00:00,61.49,61.56,60.93,61.04,3868365.93649347
2024-06-07 13:00:00,61.04,61.99,60.98,61.69,2828772.3665264
2024-06-07 17:00:00,61.77,62.65,61.43,62.54,5028286.13436981
2024-06-07 21:00:00,62.61,63.05,61.22,62.52,8257925.38010884
2024-06-08 01:00:00,62.26,62.3,54.0,57.15,36670608.80651789
2024-06-08 05:00:00,57.01,57.9,56.77,57.77,6809150.43303688
2024-06-08 09:00:00,57.66,57.69,57.08,57.34,6075051.18606666
2024-06-08 13:00:00,57.3,57.93,56.7,57.1,6402754.4810618
2024-06-08 17:00:00,57.04,57.1,54.9,55.05,11158931.92088159
2024-06-08 21:00:00,55.06,55.56,54.31,54.85,11007494.6414507
2024-06-09 01:00:00,54.85,55.18,54.13,54.45,3547868.48177734
2024-06-09 05:00:00,54.59,55.44,54.16,55.29,2881264.10656125
2024-06-09 09:00:00,55.18,56.16,55.05,55.38,6992342.8354656
2024-06-09 13:00:00,55.44,56.3,55.01,55.89,3855339.33386724
2024-06-09 17:00:00,55.78,57.5,55.6,55.77,11178115.83069885
2024-06-09 21:00:00,55.67,57.29,55.58,56.1,6790655.99340829
2024-06-10 01:00:00,55.97,56.31,55.75,55.91,794310.06037432
2024-06-10 05:00:00,56.09,56.26,55.83,56.03,1459055.57681677
2024-06-10 09:00:00,56.03,56.27,55.75,56.15,3296751.57295093
2024-06-10 13:00:00,56.15,56.21,54.91,54.91,7709049.48261053
2024-06-10 17:00:00,54.9,56.61,54.85,56.25,5818821.71421124
2024-06-10 21:00:00,56.25,56.29,55.01,56.15,4967300.35179701
2024-06-11 01:00:00,56.12,56.23,55.51,55.51,1598777.87528627
2024-06-11 05:00:00,55.5,55.56,54.63,54.9,1941939.20385855
2024-06-11 09:00:00,54.74,55.31,53.4,53.96,10589539.25239515
2024-06-11 13:00:00,53.96,54.13,52.66,52.97,6988408.35175439
2024-06-11 17:00:00,52.99,53.75,52.76,53.29,5187560.97606785
2024-06-11 21:00:00,53.29,53.58,51.49,52.03,11589579.35477543
2024-06-12 01:00:00,52.1,52.77,51.31,52.52,2914585.38418692
2024-06-12 05:00:00,52.51,52.99,52.19,52.26,1861955.08033832
2024-06-12 09:00:00,52.26,52.73,50.77,52.68,8719574.18692845
2024-06-12 13:00:00,52.68,52.88,52.48,52.66,2828691.28475046
2024-06-12 17:00:00,52.66,53.61,52.57,53.44,3516790.80733118
2024-06-12 21:00:00,53.44,56.75,53.43,55.6,22463627.85048294
2024-06-13 01:00:00,55.7,56.34,54.1,54.41,7474694.88761711
2024-06-13 05:00:00,54.41,55.99,54.15,55.73,2044421.90607046
2024-06-13 09:00:00,55.77,56.69,53.89,54.88,11645840.74630032
2024-06-13 13:00:00,54.98,55.33,54.48,54.68,3718507.96192804
2024-06-13 17:00:00,54.7,54.9,54.0,54.1,2592495.73904151
2024-06-13 21:00:00,54.2,55.01,52.58,52.83,6017567.93238209
2024-06-14 01:00:00,52.78,53.79,52.53,53.22,2130588.66136387
2024-06-14 05:00:00,53.22,53.22,52.36,52.91,2951250.48782636
2024-06-14 09:00:00,53.03,53.58,52.26,53.04,4303062.28332389
2024-06-14 13:00:00,53.03,54.07,52.63,53.73,4369641.31068975
2024-06-14 17:00:00,53.76,53.76,53.13,53.18,3233136.62698173
2024-06-14 21:00:00,53.19,53.2,51.31,51.6,9429733.84285184
2024-06-15 01:00:00,51.65,51.75,49.01,49.14,13863008.21193733
2024-06-15 05:00:00,49.25,50.18,49.16,49.65,7636699.68467253
2024-06-15 09:00:00,49.65,49.75,49.18,49.38,5278001.45638571
2024-06-15 13:00:00,49.47,50.28,49.26,49.96,3238061.75892358
2024-06-15 17:00:00,49.81,50.19,49.47,49.67,2863810.62964694
2024-06-15 21:00:00,49.67,50.09,49.5,49.65,1466545.89989807
2024-06-16 01:00:00,49.86,49.94,49.1,49.22,1280856.0134896
2024-06-16 05:00:00,49.25,49.3,48.84,49.04,2676387.9850355
2024-06-16 09:00:00,49.02,49.06,48.39,48.6,6945763.15989906
2024-06-16 13:00:00,48.6,49.3,48.16,49.15,6490626.85965427
2024-06-16 17:00:00,49.11,49.49,48.82,49.11,4143204.03649859
2024-06-16 21:00:00,49.11,49.68,49.01,49.68,1760835.75648675
2024-06-17 01:00:00,49.69,49.9,49.18,49.37,2133362.97699401
2024-06-17 05:00:00,49.39,49.92,49.11,49.5,2262809.398058
2024-06-17 09:00:00,49.5,49.87,47.3,47.81,19121607.10228054
2024-06-17 13:00:00,47.85,48.05,46.55,46.88,10134983.82972604
2024-06-17 17:00:00,46.87,47.09,44.58,45.45,19931431.82422514
2024-06-17 21:00:00,45.52,45.58,44.26,44.29,10648622.51405428
2024-06-18 01:00:00,44.33,46.12,43.0,45.67,5661904.39109982
2024-06-18 05:00:00,45.81,45.82,44.68,45.06,3860714.30580522
2024-06-18 09:00:00,45.01,45.28,38.0,41.58,47003614.12749694
2024-06-18 13:00:00,41.6,42.5,41.46,42.26,12174962.52957152
2024-06-18 17:00:00,42.26,42.67,41.55,42.13,10306607.02550036
2024-06-18 21:00:00,42.25,42.25,39.92,40.93,20927905.61917597
2024-06-19 01:00:00,40.85,40.85,39.92,40.8,7453513.39279237
2024-06-19 05:00:00,40.69,41.54,40.4,41.39,4361708.13024
2024-06-19 09:00:00,41.27,43.14,40.34,42.9,15652071.78904042
2024-06-19 13:00:00,42.98,43.65,42.8,43.31,6809349.60458841
2024-06-19 17:00:00,43.31,43.48,42.5,42.74,5836835.44476184
2024-06-19 21:00:00,42.71,43.0,41.83,42.3,4624903.19848022
2024-06-20 01:00:00,42.37,43.43,42.0,43.29,2364805.12702153
2024-06-20 05:00:00,43.33,44.3,43.01,43.41,3673074.11973132
2024-06-20 09:00:00,43.53,44.61,43.2,44.01,7236331.87846591
2024-06-20 13:00:00,44.01,46.48,43.79,46.43,11020406.64783874
2024-06-20 17:00:00,46.39,47.24,46.1,46.7,25937971.13752958
2024-06-20 21:00:00,46.6,46.67,44.78,44.78,15863540.44716987
2024-06-21 01:00:00,44.89,45.54,44.41,45.19,2662359.27900469
2024-06-21 05:00:00,45.24,45.37,44.88,45.02,1602833.1799794
2024-06-21 09:00:00,45.02,45.7,44.46,44.84,6822361.57626264
2024-06-21 13:00:00,44.9,45.2,44.01,44.21,4176098.33430109
2024-06-21 17:00:00,44.2,44.94,42.34,44.36,8134872.16957048
2024-06-21 21:00:00,44.48,44.96,43.57,44.01,4019024.63264007
2024-06-22 01:00:00,44.09,44.4,43.24,43.95,3195486.38518489
2024-06-22 05:00:00,44.0,44.5,43.74,43.82,780077.54428061
2024-06-22 09:00:00,43.89,44.0,43.21,43.68,2042825.98847221
2024-06-22 13:00:00,43.69,44.1,43.56,43.56,1207376.43723513
2024-06-22 17:00:00,43.57,43.59,43.13,43.19,2640920.53142714
2024-06-22 21:00:00,43.26,43.77,43.21,43.69,1169896.83352933
2024-06-23 01:00:00,43.69,43.71,43.26,43.31,892262.93282905
2024-06-23 05:00:00,43.31,43.37,42.83,42.83,1853397.7481819
2024-06-23 09:00:00,42.91,43.61,42.83,43.61,1740084.3745906
2024-06-23 13:00:00,43.59,43.59,43.25,43.26,1041695.85543996
2024-06-23 17:00:00,43.31,43.46,42.84,42.94,1902093.55412404
2024-06-23 21:00:00,42.9,43.15,42.1,42.19,3812411.76279563
2024-06-24 01:00:00,42.15,42.2,41.5,42.08,1974221.53999281
2024-06-24 05:00:00,42.08,42.5,41.4,41.59,2782501.87936966
2024-06-24 09:00:00,41.59,42.1,41.2,41.54,4917963.05572
2024-06-24 13:00:00,41.54,41.58,40.0,40.89,8317956.25199284
2024-06-24 17:00:00,40.93,42.45,40.0,41.48,30571039.71432478
2024-06-24 21:00:00,41.51,42.85,41.51,41.63,8257483.27428826
2024-06-25 01:00:00,41.72,42.85,41.39,41.68,3838751.54091452
2024-06-25 05:00:00,41.74,43.23,41.4,43.1,6532338.55672739
2024-06-25 09:00:00,43.09,44.6,42.47,43.89,7777668.08829501
2024-06-25 13:00:00,43.93,44.92,43.64,44.56,24566113.19071503
2024-06-25 17:00:00,44.56,45.1,43.82,44.84,17590737.22320348
2024-06-25 21:00:00,44.88,45.64,44.44,45.55,11044106.92099901
2024-06-26 01:00:00,45.5,45.66,45.0,45.51,2098207.58090835
2024-06-26 05:00:00,45.5,45.57,44.99,45.13,4693091.41897105
2024-06-26 09:00:00,45.13,46.03,44.65,45.71,9217084.34229077
2024-06-26 13:00:00,45.77,45.77,44.61,44.87,5280175.37904776
2024-06-26 17:00:00,44.87,44.87,43.97,43.97,7637346.4309364
2024-06-26 21:00:00,44.1,44.81,43.7,43.88,5158558.55826557
2024-06-27 01:00:00,43.88,44.0,43.1,43.5,2658173.15138087
2024-06-27 05:00:00,43.7,44.12,43.55,43.66,1389895.64707853
2024-06-27 09:00:00,43.67,43.73,42.7,42.83,3191661.20039326
2024-06-27 13:00:00,42.85,43.17,42.2,42.28,4924538.75363189
2024-06-27 17:00:00,42.28,43.52,42.25,43.46,3361899.81146967
2024-06-27 21:00:00,43.35,44.62,43.31,43.98,11023494.56256902
2024-06-28 01:00:00,44.0,44.6,43.83,44.46,1460737.07916854
2024-06-28 05:00:00,44.45,44.57,44.24,44.4,1319884.20497444
2024-06-28 09:00:00,44.4,44.75,43.93,44.27,4849562.65969625
2024-06-28 13:00:00,44.24,44.27,43.5,43.79,4111816.13361725
2024-06-28 17:00:00,43.8,44.13,43.56,44.1,4190276.35422776
2024-06-28 21:00:00,44.1,44.45,43.69,44.0,4432820.46691172
2024-06-29 01:00:00,44.02,44.02,43.19,43.46,2203101.67432658
2024-06-29 05:00:00,43.6,44.45,43.03,43.09,5746944.81201823
2024-06-29 09:00:00,43.22,43.45,42.93,43.13,4541398.85238482
2024-06-29 13:00:00,43.13,43.14,42.37,42.69,3613824.90719654
2024-06-29 17:00:00,42.6,42.71,42.53,42.57,1253016.56140227
2024-06-29 21:00:00,42.58,42.74,42.39,42.66,1474201.58544074
2024-06-30 01:00:00,42.66,42.66,41.39,41.91,6202113.43298601
2024-06-30 05:00:00,41.88,42.1,41.79,41.83,1195145.83758183
2024-06-30 09:00:00,41.86,42.18,41.08,41.24,4049659.67909694
2024-06-30 13:00:00,41.24,42.34,41.05,42.25,3893785.2635976
2024-06-30 17:00:00,42.16,42.51,42.1,42.18,2458864.28474186
2024-06-30 21:00:00,42.28,42.54,42.08,42.53,738695.99538254
2024-07-01 01:00:00,42.3,42.33,42.19,42.26,172356.91070439
2024-07-01 05:00:00,42.27,43.75,42.17,43.64,3783668.01686231
2024-07-01 09:00:00,43.64,44.53,43.46,44.17,7271570.12657792
2024-07-01 13:00:00,44.14,44.25,43.73,43.76,4174733.56548831
2024-07-01 17:00:00,43.9,43.96,43.32,43.32,3041537.54135317
2024-07-01 21:00:00,43.54,43.64,42.41,42.64,4111412.65766452
2024-07-02 01:00:00,42.63,43.18,42.59,42.9,2072974.16229145
2024-07-02 05:00:00,43.08,43.08,42.2,42.23,3679916.82162989
2024-07-02 09:00:00,42.33,42.71,42.11,42.54,3341245.67079712
2024-07-02 13:00:00,42.51,42.61,42.0,42.21,3751256.07533243
2024-07-02 17:00:00,42.07,42.34,41.9,42.27,2411725.54877869
2024-07-02 21:00:00,42.17,43.0,41.72,41.72,5442141.6275176
2024-07-03 01:00:00,41.72,41.82,40.76,41.7,3692841.53161055
2024-07-03 05:00:00,41.86,42.13,41.54,41.97,1509667.79182327
2024-07-03 09:00:00,41.86,42.12,41.0,41.34,5499980.86819779
2024-07-03 13:00:00,41.34,42.06,41.2,41.67,3900917.88914071
2024-07-03 17:00:00,41.65,41.84,40.86,41.4,3216436.53628458
2024-07-03 21:00:00,41.34,41.91,40.8,41.27,3669095.11191508
2024-07-04 01:00:00,41.39,41.84,40.77,40.87,2114598.68689835
2024-07-04 05:00:00,41.04,41.65,40.79,41.34,1459975.7139355
2024-07-04 09:00:00,41.31,41.59,38.7,39.88,23838286.29003894
2024-07-04 13:00:00,39.99,40.16,39.22,39.54,5297022.4218308
2024-07-04 17:00:00,39.54,39.84,38.75,38.95,7784237.84012385
2024-07-04 21:00:00,38.95,38.97,37.62,38.53,9866743.07602313
2024-07-05 01:00:00,38.41,38.67,38.02,38.1,3227661.34485688
2024-07-05 05:00:00,38.13,38.51,36.4,36.86,9767489.24949678
2024-07-05 09:00:00,36.87,36.89,33.46,33.64,58904111.73088124
2024-07-05 13:00:00,33.53,34.67,32.95,34.13,30310542.58167475
2024-07-05 17:00:00,34.17,35.81,33.04,35.8,14170638.18624205
2024-07-05 21:00:00,35.8,36.57,35.0,35.57,17870371.35604186
2024-07-06 01:00:00,35.45,35.68,34.97,35.24,3902388.47884595
2024-07-06 05:00:00,35.34,35.73,35.03,35.26,4413953.78792085
2024-07-06 09:00:00,35.35,36.55,34.6,34.97,11807184.17715048
2024-07-06 13:00:00,35.01,35.61,34.59,35.37,7243294.14477484
2024-07-06 17:00:00,35.24,35.61,34.92,35.48,7706670.4754792
2024-07-06 21:00:00,35.47,36.27,35.1,36.05,8091578.10900007
2024-07-07 01:00:00,36.19,37.28,36.16,37.11,6235657.38246152
2024-07-07 05:00:00,37.23,37.84,37.08,37.2,3658295.59782796
2024-07-07 09:00:00,37.28,37.31,36.46,36.9,8399276.07078486
2024-07-07 13:00:00,36.92,36.92,35.89,36.17,6057111.36953719
2024-07-07 17:00:00,36.22,37.04,36.1,36.86,4548730.62192708
2024-07-07 21:00:00,36.93,36.98,35.14,35.64,8193890.93937559
2024-07-08 01:00:00,35.84,36.33,35.61,35.99,1514465.64991873
2024-07-08 05:00:00,36.1,36.26,34.78,35.0,7790418.46144869
2024-07-08 09:00:00,35.09,35.5,33.81,35.09,16596249.61862411
2024-07-08 13:00:00,35.02,36.0,34.89,35.54,4001918.02362006
2024-07-08 17:00:00,35.43,37.48,35.41,37.22,12465788.05559338
2024-07-08 21:00:00,37.17,37.59,35.48,36.26,9535899.73177075
2024-07-09 01:00:00,36.16,36.79,35.8,36.68,1669004.9449644
2024-07-09 05:00:00,36.76,37.14,36.49,36.86,3102856.02449903
2024-07-09 09:00:00,36.94,37.55,36.57,37.48,4866972.62775221
2024-07-09 13:00:00,37.4,37.49,36.9,37.17,3361179.72637833
2024-07-09 17:00:00,37.17,37.71,37.02,37.6,5003453.06195618
2024-07-09 21:00:00,37.61,38.22,37.34,38.09,5541317.88977018
2024-07-10 01:00:00,38.1,39.82,38.09,38.86,9441556.15580984
2024-07-10 05:00:00,38.99,39.21,38.54,38.7,3716542.48507195
2024-07-10 09:00:00,38.7,38.9,38.22,38.55,6377492.22409788
2024-07-10 13:00:00,38.55,39.52,38.55,39.08,5297321.72354099
2024-07-10 17:00:00,39.14,39.14,38.56,38.65,2944838.9195496
2024-07-10 21:00:00,38.65,39.08,38.12,38.94,10054105.18100879
2024-07-11 01:00:00,39.0,39.26,38.84,38.92,3365674.74400195
2024-07-11 05:00:00,38.92,38.95,38.6,38.82,3251444.02669138
2024-07-11 09:00:00,38.82,39.18,38.4,38.85,13178066.07997267
2024-07-11 13:00:00,38.87,39.13,38.67,38.94,2747673.01032128
2024-07-11 17:00:00,39.0,39.42,38.73,39.28,1505409.67860247
2024-07-11 21:00:00,39.29,40.16,38.82,38.82,8253405.25291061
2024-07-12 01:00:00,38.82,39.25,38.63,38.7,1620474.7375066
2024-07-12 05:00:00,38.7,38.75,37.9,38.2,3642655.28718705
2024-07-12 09:00:00,38.22,38.78,37.88,38.32,3696177.50287402
2024-07-12 13:00:00,38.32,38.32,37.92,38.0,2710924.60984258
2024-07-12 17:00:00,37.95,38.21,37.38,37.67,3220479.26946025
2024-07-12 21:00:00,37.86,38.66,37.64,38.05,9822604.73837342
2024-07-13 01:00:00,38.04,38.56,37.8,38.01,3068313.96538064
2024-07-13 05:00:00,38.0,38.39,37.92,38.39,2109806.23662563
2024-07-13 09:00:00,38.39,38.47,38.21,38.4,2329136.35606098
2024-07-13 13:00:00,38.28,38.5,38.18,38.34,1879008.65129742
2024-07-13 17:00:00,38.43,38.66,38.28,38.51,4068543.86508171
2024-07-13 21:00:00,38.49,38.74,38.46,38.63,3108129.10215594
2024-07-14 01:00:00,38.63,38.76,38.44,38.63,977218.78359339
2024-07-14 05:00:00,38.65,39.46,38.63,39.35,4436986.31974831
2024-07-14 09:00:00,39.34,39.68,39.19,39.63,6703841.33650914
2024-07-14 13:00:00,39.6,40.13,39.54,39.67,6808795.31620845
2024-07-14 17:00:00,39.76,40.15,39.73,39.77,3122569.93720757
2024-07-14 21:00:00,39.77,39.79,39.27,39.67,3910287.71337493
2024-07-15 01:00:00,39.69,39.73,39.38,39.5,937798.85073405
2024-07-15 05:00:00,39.5,40.19,39.41,40.09,4327649.20903704
2024-07-15 09:00:00,39.98,40.63,39.72,40.6,8611326.56362276
2024-07-15 13:00:00,40.63,40.73,40.06,40.58,5075827.98434388
2024-07-15 17:00:00,40.58,40.72,40.0,40.1,5241308.28600193
2024-07-15 21:00:00,40.21,40.96,40.1,40.95,4669696.64298626
2024-07-16 01:00:00,40.94,41.39,40.77,41.17,2052103.38651225
2024-07-16 05:00:00,41.2,42.37,41.11,42.37,7019769.09060554
2024-07-16 09:00:00,42.28,42.62,41.84,42.32,7568466.79769951
2024-07-16 13:00:00,42.32,42.51,40.25,40.54,12860104.51384357
2024-07-16 17:00:00,40.54,41.61,40.17,41.6,5440137.32258514
2024-07-16 21:00:00,41.52,42.57,41.12,42.57,5328865.53811404
2024-07-17 01:00:00,42.42,42.95,42.16,42.62,3188594.7496103
2024-07-17 05:00:00,42.63,43.2,42.27,42.6,4473393.16003685
2024-07-17 09:00:00,42.6,44.08,42.58,43.25,10175206.42468823
2024-07-17 13:00:00,43.2,44.04,43.17,43.82,3784129.92471567
2024-07-17 17:00:00,43.82,44.25,43.18,43.34,6381071.73149903
2024-07-17 21:00:00,43.26,44.19,43.14,43.51,5420481.63402496
2024-07-18 01:00:00,43.51,43.66,42.78,43.36,5253836.75685631
2024-07-18 05:00:00,43.34,43.64,42.59,42.66,3263975.82119581
2024-07-18 09:00:00,42.83,43.76,42.83,43.45,2785570.54229885
2024-07-18 13:00:00,43.45,43.51,42.84,43.07,5411220.45144446
2024-07-18 17:00:00,43.08,44.05,42.61,43.77,9480962.79257115
2024-07-18 21:00:00,43.82,44.36,42.73,42.73,8981758.90792885
2024-07-19 01:00:00,42.73,43.33,42.32,42.71,5913183.58650972
2024-07-19 05:00:00,42.66,43.52,42.44,43.33,2515425.96061096
2024-07-19 09:00:00,43.45,44.52,43.36,43.96,35729089.20252384
2024-07-19 13:00:00,43.96,44.13,43.11,43.72,12521045.21813995
2024-07-19 17:00:00,43.64,43.88,43.0,43.0,11274460.31377673
2024-07-19 21:00:00,43.02,44.45,43.02,44.35,6912624.03259953
2024-07-20 01:00:00,44.45,46.61,44.33,46.21,15870931.42948634
2024-07-20 05:00:00,46.4,46.41,45.45,45.73,6690459.93738954
2024-07-20 09:00:00,45.73,45.98,45.08,45.79,12087484.81194881
2024-07-20 13:00:00,45.79,45.83,45.46,45.67,4186750.93130776
2024-07-20 17:00:00,45.6,45.66,45.13,45.13,4502988.95021311
2024-07-20 21:00:00,45.14,45.65,44.83,45.63,5720009.05010483
2024-07-21 01:00:00,45.65,45.9,45.18,45.28,2845048.62722769
2024-07-21 05:00:00,45.24,45.42,44.96,45.17,3970203.90698856
2024-07-21 09:00:00,45.14,47.17,45.1,46.61,21574096.93427766
2024-07-21 13:00:00,46.7,49.7,46.12,46.64,135890253.58626378
2024-07-21 17:00:00,46.64,46.98,45.3,45.67,26199266.04072355
2024-07-21 21:00:00,45.6,45.8,44.69,45.63,12065241.03431877
2024-07-22 01:00:00,45.67,45.68,43.84,45.28,8942496.68311177
2024-07-22 05:00:00,45.3,46.0,45.1,45.35,7924629.06511779
2024-07-22 09:00:00,45.44,45.57,44.24,44.54,11213311.02633138
2024-07-22 13:00:00,44.44,44.94,43.28,43.45,14989308.54502774
2024-07-22 17:00:00,43.45,44.69,43.33,44.41,4520199.3478544
2024-07-22 21:00:00,44.45,44.66,43.4,44.07,7869268.99659889
2024-07-23 01:00:00,43.87,45.43,43.81,44.86,3550723.52665366
2024-07-23 05:00:00,44.89,45.09,44.0,44.4,5240528.88839857
2024-07-23 09:00:00,44.4,44.95,44.0,44.32,5120632.82133526
2024-07-23 13:00:00,44.32,44.32,42.86,43.3,9864409.26124704
2024-07-23 17:00:00,43.29,44.75,43.2,44.72,6937269.41247617
2024-07-23 21:00:00,44.6,44.68,43.2,43.9,6034957.13059027
2024-07-24 01:00:00,43.88,43.9,42.5,43.47,3609279.06079603
2024-07-24 05:00:00,43.3,43.4,42.66,42.97,3119507.40117957
2024-07-24 09:00:00,43.12,43.3,42.16,42.89,5606925.11331272
2024-07-24 13:00:00,42.94,43.39,42.45,43.39,2054819.95377902
2024-07-24 17:00:00,43.39,43.68,43.17,43.55,2999451.99078863
2024-07-24 21:00:00,43.58,44.13,43.37,43.49,3856363.48476033
2024-07-25 01:00:00,43.43,43.94,43.0,43.06,2945641.54261258
2024-07-25 05:00:00,43.0,43.12,41.48,42.11,11047367.33328053
2024-07-25 09:00:00,42.07,42.07,39.97,40.16,13689968.02855731
2024-07-25 13:00:00,40.08,40.89,40.07,40.52,5206321.0383566
2024-07-25 17:00:00,40.46,40.57,39.96,40.1,4963304.88236976
2024-07-25 21:00:00,40.11,40.99,39.59,40.5,4610335.79700542
2024-07-26 01:00:00,40.46,40.75,39.46,40.1,3646095.65683957
2024-07-26 05:00:00,39.73,41.32,39.6,40.96,4487170.37325111
2024-07-26 09:00:00,41.07,41.96,40.6,41.62,6265604.18404957
2024-07-26 13:00:00,41.67,42.5,41.62,42.17,3967822.65351846
2024-07-26 17:00:00,42.17,43.08,41.9,42.23,5594408.35985398
2024-07-26 21:00:00,42.32,42.6,42.0,42.47,4079227.74756194
2024-07-27 01:00:00,42.51,43.02,42.49,42.82,3877523.75938013
2024-07-27 05:00:00,42.73,43.15,42.49,42.99,1590428.37440683
2024-07-27 09:00:00,43.01,43.14,42.71,42.81,3441218.37530693
2024-07-27 13:00:00,42.79,43.15,42.79,43.08,3430388.57881548
2024-07-27 17:00:00,43.16,44.69,43.09,44.08,20941979.46527289
2024-07-27 21:00:00,44.16,44.44,43.32,43.66,14813037.42277419
2024-07-28 01:00:00,43.66,44.11,42.96,43.31,7475110.43608974
2024-07-28 05:00:00,43.28,43.79,42.25,43.25,5828928.3492754
2024-07-28 09:00:00,43.25,43.71,42.88,43.01,6061697.62696106
2024-07-28 13:00:00,43.01,43.05,42.42,42.67,3604335.66469696
2024-07-28 17:00:00,42.74,43.16,42.41,42.47,5887228.54790421
2024-07-28 21:00:00,42.46,42.77,42.18,42.27,5785488.79432264
2024-07-29 01:00:00,42.24,42.64,42.24,42.55,1823050.66753796
2024-07-29 05:00:00,42.52,42.82,42.37,42.78,6970773.66149403
2024-07-29 09:00:00,42.7,43.53,42.63,42.99,8678005.41299203
2024-07-29 13:00:00,43.04,43.27,42.97,43.04,4292420.57711472
2024-07-29 17:00:00,43.17,43.22,42.58,42.82,10024703.99911534
2024-07-29 21:00:00,42.83,43.25,42.25,42.57,12604382.21638204
2024-07-30 01:00:00,42.51,42.79,41.75,42.5,7602999.26688417
2024-07-30 05:00:00,42.5,42.5,41.55,41.89,6361303.40456789
2024-07-30 09:00:00,41.77,42.3,41.1,42.14,7765984.1115202
2024-07-30 13:00:00,42.04,42.33,41.8,42.28,3056826.17361961
2024-07-30 17:00:00,42.23,42.36,41.81,41.96,3538844.39209907
2024-07-30 21:00:00,41.91,42.15,41.47,41.94,2778025.33488218
2024-07-31 01:00:00,41.8,42.09,41.19,41.24,2794432.47611451
2024-07-31 05:00:00,41.22,41.75,40.97,41.51,3282449.45999101
2024-07-31 09:00:00,41.49,42.78,41.25,42.08,24194677.17541841
2024-07-31 13:00:00,42.07,42.58,41.57,42.1,9492563.63516826
2024-07-31 17:00:00,42.1,42.16,41.37,41.58,5618408.05874873
2024-07-31 21:00:00,41.58,42.2,41.52,41.57,3641473.3120767
2024-08-01 01:00:00,41.57,41.87,40.79,41.07,4958383.80547751
2024-08-01 05:00:00,41.07,41.1,40.09,40.36,8058655.00109468
2024-08-01 09:00:00,40.26,40.5,39.86,39.94,6433314.48020745
2024-08-01 13:00:00,39.96,40.0,38.6,39.5,13920243.3907088
2024-08-01 17:00:00,39.5,40.78,39.44,39.76,4941649.88345503
2024-08-01 21:00:00,39.76,40.17,38.6,38.7,8107924.61093437
2024-08-02 01:00:00,38.61,39.0,37.43,38.64,12274089.0045801
2024-08-02 05:00:00,38.5,40.55,38.43,40.14,6084289.43528128
2024-08-02 09:00:00,40.29,40.29,39.1,39.75,6437669.31515673
2024-08-02 13:00:00,39.8,39.8,38.6,39.19,6844977.71397502
2024-08-02 17:00:00,39.28,39.67,39.0,39.54,3509380.98023324
2024-08-02 21:00:00,39.57,40.19,37.41,38.4,12078010.93608586
2024-08-03 01:00:00,38.43,38.64,37.74,37.99,1345652.78476612
2024-08-03 05:00:00,38.0,38.28,37.4,37.65,4507268.86185582
2024-08-03 09:00:00,37.64,37.79,36.01,37.49,9928374.43217582
2024-08-03 13:00:00,37.52,37.89,37.28,37.7,3469136.87073173
2024-08-03 17:00:00,37.7,37.72,37.2,37.49,2265918.22875737
2024-08-03 21:00:00,37.49,37.74,36.21,36.36,5549326.44201129
2024-08-04 01:00:00,36.36,36.68,35.32,35.63,9751362.59847603
2024-08-04 05:00:00,35.57,36.19,35.22,36.17,3752156.06972883
2024-08-04 09:00:00,36.15,36.61,35.88,36.34,3308717.17369378
2024-08-04 13:00:00,36.34,36.44,35.74,35.74,3358217.09345815
2024-08-04 17:00:00,35.73,36.05,35.51,36.0,3052017.74690869
2024-08-04 21:00:00,35.89,36.15,34.14,34.2,10029032.66088655
2024-08-05 01:00:00,34.18,34.88,33.0,34.88,13455426.44831378
2024-08-05 05:00:00,34.71,35.27,34.01,34.04,4605599.85082831
2024-08-05 09:00:00,34.17,34.31,30.32,30.5,49200485.86122071
2024-08-05 13:00:00,30.5,32.15,28.83,31.76,35967635.37914737
2024-08-05 17:00:00,31.64,32.02,29.86,30.84,14828493.06220364
2024-08-05 21:00:00,30.83,34.11,29.63,33.72,21767533.30250213
2024-08-06 01:00:00,33.78,34.58,32.64,33.04,11419439.19749469
2024-08-06 05:00:00,33.19,34.15,33.06,33.25,3879347.58439979
2024-08-06 09:00:00,33.29,35.4,33.25,34.48,18501420.74004543
2024-08-06 13:00:00,34.48,35.35,34.23,35.19,4983945.14601574
2024-08-06 17:00:00,35.2,35.2,33.81,34.47,13324621.75108822
2024-08-06 21:00:00,34.38,35.24,33.6,34.91,9078812.54059603
2024-08-07 01:00:00,34.91,35.1,34.67,34.77,1110867.61599017
2024-08-07 05:00:00,34.74,35.24,34.58,34.74,1633748.58386587
2024-08-07 09:00:00,34.7,35.4,34.4,35.11,7510923.35723129
2024-08-07 13:00:00,35.17,35.43,34.64,34.91,7696942.97775384
2024-08-07 17:00:00,34.86,35.2,34.57,34.6,6887876.80765225
2024-08-07 21:00:00,34.6,35.03,33.33,34.01,12108250.75185788
2024-08-08 01:00:00,34.01,34.13,33.19,33.23,3962341.77757088
2024-08-08 05:00:00,33.21,33.5,32.79,33.03,7996583.48104772
2024-08-08 09:00:00,33.09,34.45,32.26,33.86,10887601.16113171
2024-08-08 13:00:00,33.88,34.35,33.77,34.06,3249765.82259003
2024-08-08 17:00:00,33.98,34.12,33.88,34.04,2362074.69698562
2024-08-08 21:00:00,33.93,35.3,33.91,35.3,15273711.35271286
2024-08-09 01:00:00,35.3,35.61,35.09,35.19,4757834.78577191
2024-08-09 05:00:00,35.19,36.35,35.15,36.1,8832047.24174897
2024-08-09 09:00:00,36.1,36.19,35.57,35.9,9078871.5588798
2024-08-09 13:00:00,35.88,35.9,35.14,35.63,7721456.60338587
2024-08-09 17:00:00,35.59,36.04,35.32,35.56,4341279.13144635
2024-08-09 21:00:00,35.56,35.88,35.05,35.23,5815339.39789211
2024-08-10 01:00:00,35.23,35.73,35.22,35.66,923049.98896808
2024-08-10 05:00:00,35.7,36.16,35.62,36.14,3507104.88664851
2024-08-10 09:00:00,36.13,36.29,35.3,35.68,11882748.37428998
2024-08-10 13:00:00,35.69,36.22,35.55,36.21,1731335.19839673
2024-08-10 17:00:00,36.15,36.28,35.94,36.28,3846522.2966177
2024-08-10 21:00:00,36.28,36.35,35.73,36.28,9486580.41010092
2024-08-11 01:00:00,36.28,36.83,36.04,36.74,5222560.71618625
2024-08-11 05:00:00,36.72,37.26,36.57,37.07,6008529.78670892
2024-08-11 09:00:00,37.05,37.14,36.75,36.88,5536855.83901871
2024-08-11 13:00:00,36.89,36.99,36.63,36.8,1785468.318721
2024-08-11 17:00:00,36.85,40.8,36.83,38.97,246084170.80165508
2024-08-11 21:00:00,38.99,39.66,36.61,36.62,106464292.41492952
2024-08-12 01:00:00,36.62,36.99,35.8,35.91,6091800.54952078
2024-08-12 05:00:00,35.84,35.84,34.81,34.85,15840316.70191552
2024-08-12 09:00:00,34.9,36.16,34.84,35.17,44666673.81876706
2024-08-12 13:00:00,35.25,35.42,34.05,35.38,19931125.86448037
2024-08-12 17:00:00,35.38,36.74,35.24,36.59,14789189.47752245
2024-08-12 21:00:00,36.59,36.7,34.97,36.2,25483015.11604216
2024-08-13 01:00:00,36.19,36.38,35.3,35.3,5479531.74566143
2024-08-13 05:00:00,35.32,36.05,35.03,35.88,5346818.64359107
2024-08-13 09:00:00,35.8,35.95,34.96,35.04,12878464.98626028
2024-08-13 13:00:00,35.01,35.36,34.88,35.23,4074925.11952121
2024-08-13 17:00:00,35.21,35.21,34.56,34.66,4354070.34069262
2024-08-13 21:00:00,34.7,35.58,34.68,35.58,6247592.66150388
2024-08-14 01:00:00,35.55,36.45,35.5,36.33,5456833.737824
2024-08-14 05:00:00,36.25,36.42,36.17,36.26,5260690.98995342
2024-08-14 09:00:00,36.26,36.59,35.97,36.47,5556844.9689533
2024-08-14 13:00:00,36.32,36.45,35.6,35.76,10064381.99502059
2024-08-14 17:00:00,35.76,36.15,35.64,35.99,2303552.16559188
2024-08-14 21:00:00,36.02,36.53,34.84,35.76,10833059.80145321
2024-08-15 01:00:00,35.58,36.09,35.36,35.66,1404429.86416056
2024-08-15 05:00:00,35.62,35.75,35.3,35.53,3621799.35436883
2024-08-15 09:00:00,35.65,35.77,35.34,35.47,5034242.89740101
2024-08-15 13:00:00,35.47,35.61,34.91,35.34,3089542.02402007
2024-08-15 17:00:00,35.32,35.51,34.91,35.38,4393535.1561685
2024-08-15 21:00:00,35.39,35.87,35.28,35.41,3667323.55239872
2024-08-16 01:00:00,35.4,35.55,33.94,34.1,5157242.43078584
2024-08-16 05:00:00,34.0,34.65,33.88,34.59,3762664.66894003
2024-08-16 09:00:00,34.56,34.8,34.09,34.19,4739579.97140778
2024-08-16 13:00:00,34.2,35.24,34.2,35.24,5452847.58507497
2024-08-16 17:00:00,35.25,35.4,34.6,34.69,3424465.6805327
2024-08-16 21:00:00,34.68,35.02,33.78,33.85,6068835.25000815
2024-08-17 01:00:00,34.0,34.65,33.72,34.45,1143732.23679468
2024-08-17 05:00:00,34.65,34.76,34.45,34.56,956869.31612712
2024-08-17 09:00:00,34.61,34.61,34.17,34.32,1428468.00035646
2024-08-17 13:00:00,34.33,34.4,34.26,34.3,739297.9744883
2024-08-17 17:00:00,34.3,34.38,34.01,34.04,2086821.3969172
2024-08-17 21:00:00,34.04,34.23,33.82,34.13,3026686.93942342
2024-08-18 01:00:00,34.08,34.36,33.99,34.02,961012.07817375
2024-08-18 05:00:00,34.08,34.21,33.98,34.17,1341385.99750741
2024-08-18 09:00:00,34.17,34.28,33.86,33.92,4526225.93132883
2024-08-18 13:00:00,33.91,34.11,33.82,33.96,936303.556535
2024-08-18 17:00:00,34.0,34.44,33.98,34.44,3294599.76978398
2024-08-18 21:00:00,34.36,35.0,34.36,34.96,3909948.04121763
2024-08-19 01:00:00,34.96,35.05,34.69,35.05,901860.77822376
2024-08-19 05:00:00,34.95,35.05,34.36,34.46,1666477.21372721
2024-08-19 09:00:00,34.37,34.45,34.0,34.17,3359062.1206349
2024-08-19 13:00:00,34.17,34.27,33.8,33.96,3138974.74146224
2024-08-19 17:00:00,33.96,34.66,33.96,34.46,6459192.16265935
2024-08-19 21:00:00,34.48,34.97,34.3,34.72,3767655.00320173
2024-08-20 01:00:00,34.71,34.96,34.18,34.96,1238810.19250222
2024-08-20 05:00:00,34.89,35.4,34.83,35.4,3671498.80949936
2024-08-20 09:00:00,35.39,35.87,35.1,35.68,4478212.75300846
2024-08-20 13:00:00,35.65,36.18,35.44,35.87,4298354.00782853
2024-08-20 17:00:00,35.92,36.08,35.44,35.57,4067155.51381788
2024-08-20 21:00:00,35.56,35.69,34.44,35.1,6654279.3468582
2024-08-21 01:00:00,34.96,35.28,34.84,35.23,2411569.9593582
2024-08-21 05:00:00,35.3,35.49,35.07,35.12,1847421.39582415
2024-08-21 09:00:00,35.25,36.17,35.08,35.58,69157441.19112584
2024-08-21 13:00:00,35.59,35.66,35.0,35.27,11541549.6378977
2024-08-21 17:00:00,35.27,35.34,34.79,35.2,9613991.44591133
2024-08-21 21:00:00,35.19,35.64,34.77,35.45,9010077.01209441
2024-08-22 01:00:00,35.41,36.32,35.41,36.32,7494050.25638287
2024-08-22 05:00:00,36.32,36.42,36.11,36.16,6301668.36551209
2024-08-22 09:00:00,36.21,36.37,35.78,36.06,7651566.61924424
2024-08-22 13:00:00,36.06,36.56,35.93,36.42,20607747.5716829
2024-08-22 17:00:00,36.42,36.87,36.27,36.86,6911720.85310057
2024-08-22 21:00:00,36.86,36.9,36.15,36.36,6784926.65268808
2024-08-23 01:00:00,36.38,36.63,36.06,36.14,1527604.18237086
2024-08-23 05:00:00,36.11,36.65,36.11,36.58,2597343.07982433
2024-08-23 09:00:00,36.59,36.73,36.5,36.59,6028738.78041487
2024-08-23 13:00:00,36.68,37.26,36.6,37.17,5979442.658929
2024-08-23 17:00:00,37.19,37.36,36.77,36.83,4751181.38822864
2024-08-23 21:00:00,36.83,37.75,36.82,37.42,8488853.49572385
2024-08-24 01:00:00,37.41,38.08,37.35,38.08,4417298.98067438
2024-08-24 05:00:00,38.04,38.33,37.7,37.85,9637641.80822475
2024-08-24 09:00:00,37.95,38.06,37.42,37.57,7166035.06658595
2024-08-24 13:00:00,37.59,38.08,37.59,38.08,3383078.29898907
2024-08-24 17:00:00,38.01,38.8,37.93,38.36,7424963.48515683
2024-08-24 21:00:00,38.3,38.7,38.0,38.14,4051363.74775781
2024-08-25 01:00:00,38.05,38.75,38.05,38.6,1812894.81093377
2024-08-25 05:00:00,38.6,38.63,37.4,37.99,7090124.89591671
2024-08-25 09:00:00,37.99,38.27,37.06,37.54,12823981.73783688
2024-08-25 13:00:00,37.39,37.67,36.37,36.49,14059073.82289965
2024-08-25 17:00:00,36.5,37.14,36.5,37.06,3460625.78730306
2024-08-25 21:00:00,37.05,37.48,36.98,37.12,1992128.65954696
2024-08-26 01:00:00,37.25,37.25,36.86,37.0,842269.09578973
2024-08-26 05:00:00,37.02,37.43,36.75,36.81,2881372.51930243
2024-08-26 09:00:00,36.81,37.02,36.02,36.55,6315128.38647826
2024-08-26 13:00:00,36.61,36.84,35.98,36.12,7675619.29672706
2024-08-26 17:00:00,36.11,36.52,35.93,36.27,4641459.97334232
2024-08-26 21:00:00,36.25,36.33,35.78,36.0,7635807.86642416
2024-08-27 01:00:00,35.95,36.19,35.02,35.02,4571925.71250756
2024-08-27 05:00:00,35.02,35.31,34.72,34.87,6080052.12954201
2024-08-27 09:00:00,34.87,35.26,34.85,34.98,7403117.73045127
2024-08-27 13:00:00,35.07,35.52,34.55,34.86,7302346.78171659
2024-08-27 17:00:00,35.05,35.05,33.95,34.02,10667794.25267168
2024-08-27 21:00:00,34.08,34.54,33.91,34.2,4588940.2982915
2024-08-28 01:00:00,34.2,34.75,33.87,34.4,4812603.12784665
2024-08-28 05:00:00,34.36,34.36,32.57,33.29,15649136.0347813
2024-08-28 09:00:00,33.28,33.76,33.03,33.64,4575454.89913298
2024-08-28 13:00:00,33.64,33.74,33.01,33.01,5709831.89596844
2024-08-28 17:00:00,33.03,34.6,32.99,33.88,5790860.76237182
2024-08-28 21:00:00,33.96,34.19,32.9,33.18,5605056.82522813
2024-08-29 01:00:00,33.06,33.74,32.2,33.13,7506985.17872702
2024-08-29 05:00:00,33.4,33.97,32.9,33.5,3363478.08145991
2024-08-29 09:00:00,33.5,33.71,33.19,33.5,1714256.62169532
2024-08-29 13:00:00,33.44,33.67,33.11,33.46,2257514.46678922
2024-08-29 17:00:00,33.46,33.99,33.3,33.83,3759821.29709402
2024-08-29 21:00:00,33.8,34.27,33.64,33.95,3964286.30423568
2024-08-30 01:00:00,34.0,34.0,32.64,32.91,3220371.24439329
2024-08-30 05:00:00,33.13,33.16,32.59,33.06,3063746.36560458
2024-08-30 09:00:00,33.05,33.45,32.93,33.1,3831298.77154361
2024-08-30 13:00:00,33.19,33.52,32.97,33.3,6679890.91292735
2024-08-30 17:00:00,33.34,33.53,33.2,33.24,2663514.86694103
2024-08-30 21:00:00,33.24,33.55,32.05,32.06,7709401.99340712
2024-08-31 01:00:00,32.14,33.41,31.99,32.91,3523467.50775148
2024-08-31 05:00:00,32.85,33.4,32.82,33.39,968953.89958225
2024-08-31 09:00:00,33.3,33.55,33.12,33.23,2376356.82101393
2024-08-31 13:00:00,33.2,33.33,33.09,33.1,1085877.48614785
2024-08-31 17:00:00,33.1,33.1,32.7,32.88,4203064.94561231
2024-08-31 21:00:00,32.84,32.98,32.56,32.73,1626599.53125629
2024-09-01 01:00:00,32.85,32.85,32.3,32.46,3206271.34278683
2024-09-01 05:00:00,32.41,32.64,32.37,32.4,2333394.04873241
2024-09-01 09:00:00,32.41,32.41,31.76,32.22,3845636.89746643
2024-09-01 13:00:00,32.24,32.49,31.83,32.41,2574660.91622934
2024-09-01 17:00:00,32.38,32.47,31.86,32.09,1356550.10817723
2024-09-01 21:00:00,32.09,32.24,31.58,32.24,6097218.38977005
2024-09-02 01:00:00,32.22,32.38,31.63,32.11,1694059.54642997
2024-09-02 05:00:00,32.13,32.38,31.2,31.34,4656210.19271339
2024-09-02 09:00:00,31.34,31.85,31.3,31.54,2865805.52146619
2024-09-02 13:00:00,31.55,31.66,31.2,31.33,2573294.16692205
2024-09-02 17:00:00,31.33,32.31,31.23,32.19,4411507.33742567
2024-09-02 21:00:00,32.1,32.35,31.7,32.19,3463837.49811105
2024-09-03 01:00:00,32.21,32.6,31.98,32.35,2805219.86897234
2024-09-03 05:00:00,32.35,33.1,32.35,32.67,3768826.54802416
2024-09-03 09:00:00,32.67,33.15,32.6,32.79,3520374.30465968
2024-09-03 13:00:00,32.79,32.94,32.54,32.94,2616996.09190502
2024-09-03 17:00:00,32.85,32.94,32.43,32.75,1917879.50125277
2024-09-03 21:00:00,32.64,32.74,31.45,31.45,6422923.02985547
2024-09-04 01:00:00,31.5,31.98,31.46,31.87,585929.47919423
2024-09-04 05:00:00,31.94,32.0,31.45,31.45,946214.59087863
2024-09-04 09:00:00,31.48,31.72,30.11,31.29,7361854.90497301
2024-09-04 13:00:00,31.29,31.53,30.92,31.48,2318437.75521085
2024-09-04 17:00:00,31.4,31.58,30.95,31.0,721970.62257191
2024-09-04 21:00:00,31.13,31.94,30.98,31.73,4334998.96189359
2024-09-05 01:00:00,31.89,32.15,31.6,31.6,2200058.95319432
2024-09-05 05:00:00,31.64,31.9,31.56,31.59,2400369.32394961
2024-09-05 09:00:00,31.58,31.89,30.85,30.9,3180617.41148481
2024-09-05 13:00:00,30.88,31.12,30.61,31.1,6279825.0238796
2024-09-05 17:00:00,31.1,31.16,30.7,30.78,3011300.57809979
2024-09-05 21:00:00,30.78,31.34,30.5,30.68,4417304.38326381
2024-09-06 01:00:00,30.55,31.0,30.3,30.57,1674823.54331453
2024-09-06 05:00:00,30.6,30.8,30.37,30.47,3641976.648605
2024-09-06 09:00:00,30.53,31.0,30.24,30.84,4380570.69067825
2024-09-06 13:00:00,30.84,30.95,30.12,30.36,11589889.47164458
2024-09-06 17:00:00,30.51,30.68,30.28,30.4,1557085.68468531
2024-09-06 21:00:00,30.45,31.2,30.0,30.41,10807716.00185831
2024-09-07 01:00:00,30.45,30.45,29.28,29.56,5691262.60524231
2024-09-07 05:00:00,29.37,30.02,28.84,29.84,8914242.73375514
2024-09-07 09:00:00,29.9,29.95,29.54,29.77,3463823.82533163
2024-09-07 13:00:00,29.69,30.21,29.64,30.16,2013537.07624566
2024-09-07 17:00:00,30.12,30.37,30.01,30.03,1637619.89763052
2024-09-07 21:00:00,30.22,30.53,30.1,30.53,2079792.02168747
2024-09-08 01:00:00,30.25,30.44,29.81,30.22,702493.81376249
2024-09-08 05:00:00,30.27,30.27,29.72,29.81,1432769.79777326
2024-09-08 09:00:00,29.8,30.13,29.8,30.05,801697.74197314
2024-09-08 13:00:00,29.99,30.38,29.99,30.38,1833457.08509739
2024-09-08 17:00:00,30.38,30.49,30.09,30.12,2437148.11137998
2024-09-08 21:00:00,30.12,30.12,29.71,29.77,3252676.05717568
2024-09-09 01:00:00,29.79,30.27,29.65,30.17,2023868.90935707
2024-09-09 05:00:00,30.14,31.0,30.04,30.58,2493091.90229842
2024-09-09 09:00:00,30.74,30.97,30.6,30.88,1672147.08149606
2024-09-09 13:00:00,30.88,31.52,30.63,31.31,3752431.61791692
2024-09-09 17:00:00,31.39,33.21,31.3,32.69,91272038.15266688
2024-09-09 21:00:00,32.69,33.12,32.11,32.32,71486690.02904628
2024-09-10 01:00:00,32.35,32.7,32.16,32.65,16423077.8066859
2024-09-10 05:00:00,32.65,32.86,32.34,32.55,13772850.92132604
2024-09-10 09:00:00,32.55,32.55,31.9,31.9,19800184.22631168
2024-09-10 13:00:00,31.89,32.51,31.79,32.34,6728913.63270765
2024-09-10 17:00:00,32.34,32.76,32.15,32.76,7798736.5809394
2024-09-10 21:00:00,32.77,32.87,32.47,32.72,5185197.79166875
2024-09-11 01:00:00,32.68,33.21,32.56,33.0,3109593.26612499
2024-09-11 05:00:00,33.12,33.12,32.54,32.71,3330717.49300799
2024-09-11 09:00:00,32.69,33.05,31.98,31.99,32081812.25575585
2024-09-11 13:00:00,31.98,31.98,31.4,31.88,5921423.20246349
2024-09-11 17:00:00,31.85,32.06,31.49,31.91,3256495.96696281
2024-09-11 21:00:00,31.91,32.42,31.54,32.08,6568914.81343338
2024-09-12 01:00:00,32.08,32.85,32.08,32.55,2646490.46139328
2024-09-12 05:00:00,32.72,32.92,32.67,32.92,3038179.50366919
2024-09-12 09:00:00,32.9,33.3,32.72,33.04,7491823.82647699
2024-09-12 13:00:00,33.08,33.72,33.04,33.61,7586282.96768861
2024-09-12 17:00:00,33.72,34.11,33.72,34.05,8231219.3150205
2024-09-12 21:00:00,34.05,34.25,33.61,33.62,7069877.99302364
2024-09-13 01:00:00,33.69,34.32,33.65,34.15,3960829.71774912
2024-09-13 05:00:00,33.99,34.17,33.9,34.16,1705899.27900749
2024-09-13 09:00:00,34.16,34.21,33.76,33.9,4628673.55271609
2024-09-13 13:00:00,33.77,34.15,33.73,34.15,3303468.86377311
2024-09-13 17:00:00,34.12,34.3,33.97,34.0,4737102.82632556
2024-09-13 21:00:00,34.01,34.63,33.86,34.52,5335544.6318725
2024-09-14 01:00:00,34.52,34.63,34.3,34.3,2339285.84940931
2024-09-14 05:00:00,34.34,34.6,34.26,34.35,2667337.24633626
2024-09-14 09:00:00,34.45,34.62,34.35,34.5,5258199.48699625
2024-09-14 13:00:00,34.5,34.5,34.0,34.19,4671435.11307985
2024-09-14 17:00:00,34.18,34.33,34.02,34.17,1461821.42724168
2024-09-14 21:00:00,34.06,34.45,34.04,34.37,3137632.3495843
2024-09-15 01:00:00,34.31,34.37,33.79,34.0,1301937.06507338
2024-09-15 05:00:00,33.96,34.13,33.91,34.06,1767664.01699526
2024-09-15 09:00:00,34.06,34.23,33.87,34.17,2057980.12189975
2024-09-15 13:00:00,34.16,34.33,33.96,34.33,1062396.65681669
2024-09-15 17:00:00,34.33,34.37,33.93,34.12,2263247.38520672
2024-09-15 21:00:00,34.13,34.45,34.04,34.25,3821112.0821825
2024-09-16 01:00:00,34.25,34.25,33.88,34.2,1332726.26055515
2024-09-16 05:00:00,34.2,34.2,33.0,33.44,2863104.97559957
2024-09-16 09:00:00,33.4,33.59,32.83,33.32,9258737.35895739
2024-09-16 13:00:00,33.33,34.17,33.22,34.14,5252166.80219367
2024-09-16 17:00:00,34.14,34.16,33.38,33.67,3582448.3589424
2024-09-16 21:00:00,33.68,33.76,32.75,32.94,8743527.20707822
2024-09-17 01:00:00,33.03,33.14,32.72,32.97,1215952.02694344
2024-09-17 05:00:00,32.89,33.11,32.64,32.92,2264892.79108369
2024-09-17 09:00:00,32.91,33.11,32.5,32.99,5186197.05953413
2024-09-17 13:00:00,32.99,33.39,32.95,33.39,1489469.32784144
2024-09-17 17:00:00,33.39,33.7,33.25,33.46,2366765.85018871
2024-09-17 21:00:00,33.46,34.19,33.17,33.94,4678632.46142139
2024-09-18 01:00:00,33.89,34.03,33.4,33.71,928825.83279431
2024-09-18 05:00:00,33.59,34.06,33.59,34.02,2202650.07148709
2024-09-18 09:00:00,34.05,34.55,33.61,34.47,5386595.62137311
2024-09-18 13:00:00,34.48,34.51,33.82,34.12,2483251.28103404
2024-09-18 17:00:00,34.0,34.15,33.18,33.7,4352418.43225727
2024-09-18 21:00:00,33.7,33.97,33.21,33.35,2180094.23249313
2024-09-19 01:00:00,33.35,34.62,33.2,34.23,7048021.72467088
2024-09-19 05:00:00,34.27,35.14,33.82,35.06,5694394.5628171
2024-09-19 09:00:00,35.15,36.01,35.09,35.81,15682381.03045335
2024-09-19 13:00:00,35.94,36.63,35.32,36.63,6610975.37420217
2024-09-19 17:00:00,36.63,36.79,36.04,36.65,11697778.58670015
2024-09-19 21:00:00,36.52,38.53,36.51,37.27,139349517.10733134
2024-09-20 01:00:00,37.28,37.8,37.2,37.2,6799188.40839286
2024-09-20 05:00:00,37.2,37.34,36.5,37.23,8722296.48771176
2024-09-20 09:00:00,37.23,37.44,36.2,37.15,19207177.74477174
2024-09-20 13:00:00,37.19,38.07,37.15,37.88,13007388.92889028
2024-09-20 17:00:00,37.95,38.33,37.5,38.03,12842781.94454466
2024-09-20 21:00:00,37.99,38.2,37.01,37.45,9486213.70149149
2024-09-21 01:00:00,37.45,37.52,36.77,36.99,3264001.12809232
2024-09-21 05:00:00,37.09,37.53,37.02,37.52,5139442.56214726
2024-09-21 09:00:00,37.53,38.14,37.12,37.77,16560805.6522688
2024-09-21 13:00:00,37.77,38.44,37.54,38.43,9397381.40032637
2024-09-21 17:00:00,38.43,38.53,37.98,38.53,12459464.353198
2024-09-21 21:00:00,38.31,39.69,38.25,39.12,13381711.28466996
2024-09-22 01:00:00,39.22,39.22,38.89,39.14,2269785.20603548
2024-09-22 05:00:00,39.05,39.36,38.74,39.36,4055071.85693733
2024-09-22 09:00:00,39.36,39.36,38.6,38.8,13999473.70413335
2024-09-22 13:00:00,38.8,38.99,38.5,38.64,3034740.2296411
2024-09-22 17:00:00,38.64,38.87,37.81,38.03,7273767.0435211
2024-09-22 21:00:00,37.97,38.2,37.6,37.87,4701926.68506688
2024-09-23 01:00:00,37.83,38.19,37.5,37.63,3088120.63795802
2024-09-23 05:00:00,37.84,38.4,37.2,38.07,4355732.89081831
2024-09-23 09:00:00,38.08,38.72,37.29,38.53,6793704.38326582
2024-09-23 13:00:00,38.62,41.7,38.31,40.33,114901482.75849845
2024-09-23 17:00:00,40.39,41.37,39.39,40.23,127763958.36000866
2024-09-23 21:00:00,40.23,41.07,39.9,40.72,55104146.71637589
2024-09-24 01:00:00,40.72,41.0,40.37,40.41,6052382.31280089
2024-09-24 05:00:00,40.41,40.7,40.1,40.4,13972186.33935431
2024-09-24 09:00:00,40.24,40.4,39.05,39.76,28589084.60392557
2024-09-24 13:00:00,39.71,39.95,39.11,39.95,7059096.39050903
2024-09-24 17:00:00,39.95,40.41,39.78,40.34,7230155.142555
2024-09-24 21:00:00,40.34,40.7,39.0,39.31,14537339.3035351
2024-09-25 01:00:00,39.59,39.8,39.33,39.8,1927535.86322625
2024-09-25 05:00:00,39.8,40.21,39.67,40.02,5421570.4191596
2024-09-25 09:00:00,40.1,40.9,39.74,40.76,17229274.61219456
2024-09-25 13:00:00,40.71,40.73,39.51,39.98,10106500.25000922
2024-09-25 17:00:00,39.98,40.2,39.77,40.05,3772938.56213152
2024-09-25 21:00:00,40.03,40.81,39.56,40.15,11371415.6901971
2024-09-26 01:00:00,40.2,40.97,39.96,40.04,8040498.61498317
2024-09-26 05:00:00,39.9,40.26,39.7,39.98,5518209.97950292
2024-09-26 09:00:00,39.92,40.06,39.11,39.99,10237202.37376753
2024-09-26 13:00:00,39.86,40.62,39.62,40.62,6666321.71543096
2024-09-26 17:00:00,40.62,40.71,40.12,40.44,9484934.21526764
2024-09-26 21:00:00,40.51,40.57,39.87,40.57,6764147.47746554
2024-09-27 01:00:00,40.4,40.73,40.11,40.14,4063174.4283904
2024-09-27 05:00:00,40.3,40.59,39.8,40.58,6493864.20745101
2024-09-27 09:00:00,40.56,41.57,40.52,41.5,15255468.02683288
2024-09-27 13:00:00,41.5,42.0,41.23,41.39,13188200.62116089
2024-09-27 17:00:00,41.5,42.06,41.09,41.43,20455529.71236617
2024-09-27 21:00:00,41.59,41.68,41.1,41.25,9068030.41535842
2024-09-28 01:00:00,41.24,41.44,40.82,41.12,3374809.28593089
2024-09-28 05:00:00,41.02,41.14,40.7,40.74,5105337.79389278
2024-09-28 09:00:00,40.74,41.01,40.57,40.97,11658962.34807817
2024-09-28 13:00:00,40.94,40.94,39.57,39.59,11436508.75123159
2024-09-28 17:00:00,39.59,39.7,38.86,39.69,9457985.80520347
2024-09-28 21:00:00,39.69,39.86,39.23,39.69,3311679.43416746
2024-09-29 01:00:00,39.67,39.79,39.27,39.58,1272292.36289218
2024-09-29 05:00:00,39.7,39.82,39.25,39.82,2879160.19747866
2024-09-29 09:00:00,39.82,39.97,39.37,39.97,4254859.56029284
2024-09-29 13:00:00,39.9,39.97,39.04,39.1,4889953.28741354
2024-09-29 17:00:00,39.15,39.91,39.15,39.88,2544480.92192631
2024-09-29 21:00:00,39.87,39.89,39.3,39.65,2771782.37863088
2024-09-30 01:00:00,39.7,40.2,39.65,40.2,1293322.16715962
2024-09-30 05:00:00,40.26,40.36,39.56,39.88,2969457.15422396
2024-09-30 09:00:00,39.87,40.0,38.2,38.7,15255450.71320856
2024-09-30 13:00:00,38.7,39.39,38.32,39.24,5083059.32011099
2024-09-30 17:00:00,39.24,39.32,38.02,38.26,9328529.78452895
2024-09-30 21:00:00,38.23,38.52,37.63,37.63,5976427.04372502
2024-10-01 01:00:00,37.69,38.23,37.6,38.23,2022086.18425204
2024-10-01 05:00:00,38.27,38.42,37.34,37.61,3921323.83973697
2024-10-01 09:00:00,37.6,38.47,37.16,38.41,6501053.51875756
2024-10-01 13:00:00,38.41,38.85,38.27,38.67,3920323.08902441
2024-10-01 17:00:00,38.7,38.82,38.48,38.61,2116163.87149052
2024-10-01 21:00:00,38.61,38.73,35.1,36.17,26523501.23678567
2024-10-02 01:00:00,36.17,36.17,33.97,34.78,9258003.05075692
2024-10-02 05:00:00,34.78,35.18,34.12,34.88,11016625.16252425
2024-10-02 09:00:00,34.88,35.69,34.65,35.59,9326978.98754493
2024-10-02 13:00:00,35.59,35.94,35.14,35.84,5541718.04512711
2024-10-02 17:00:00,35.84,36.21,34.74,35.27,15597106.04439057
2024-10-02 21:00:00,35.25,35.39,34.55,35.35,15944019.90284096
2024-10-03 01:00:00,35.35,35.67,33.52,34.31,4482451.43640849
2024-10-03 05:00:00,34.12,34.6,33.88,34.52,4374527.04020991
2024-10-03 09:00:00,34.48,35.12,34.06,35.07,3652571.47511594
2024-10-03 13:00:00,35.11,35.32,34.46,34.64,4178541.49031848
2024-10-03 17:00:00,34.64,34.64,33.57,34.05,4084985.56116958
2024-10-03 21:00:00,34.05,34.46,33.24,33.97,6904408.12350519
2024-10-04 01:00:00,34.0,34.0,33.13,33.93,1675526.51801922
2024-10-04 05:00:00,34.0,34.37,33.49,34.22,597899.00118152
2024-10-04 09:00:00,34.38,34.99,33.9,34.67,8352030.19071017
2024-10-04 13:00:00,34.7,35.97,34.7,35.79,16773647.2172884
2024-10-04 17:00:00,35.8,35.8,34.89,35.19,22617375.50373572
2024-10-04 21:00:00,35.18,35.85,34.84,35.84,8607586.56038954
2024-10-05 01:00:00,35.84,36.09,35.5,36.08,5116803.21826258
2024-10-05 05:00:00,35.96,36.13,35.83,36.13,4368748.78631463
2024-10-05 09:00:00,36.13,36.58,35.77,36.02,5982361.40642942
2024-10-05 13:00:00,35.91,36.53,35.9,36.5,1356554.25644666
2024-10-05 17:00:00,36.5,36.88,36.36,36.8,4458029.88812471
2024-10-05 21:00:00,36.87,36.94,36.39,36.48,3069805.50106315
2024-10-06 01:00:00,36.45,36.45,35.54,35.63,3026985.52350274
2024-10-06 05:00:00,35.64,36.13,35.48,36.13,2479670.43982577
2024-10-06 09:00:00,36.12,36.43,35.85,35.85,2381323.57067698
2024-10-06 13:00:00,35.86,36.22,35.8,36.12,2328294.91622753
2024-10-06 17:00:00,36.1,36.6,35.97,36.51,4632793.70380548
2024-10-06 21:00:00,36.51,36.92,36.39,36.9,4434886.17870146
2024-10-07 01:00:00,36.92,37.02,36.76,36.88,2117985.78144928
2024-10-07 05:00:00,36.74,37.17,36.64,37.17,3073239.30556656
2024-10-07 09:00:00,37.17,37.44,36.93,37.34,5995920.58825708
2024-10-07 13:00:00,37.31,37.34,36.95,37.18,4130486.81540636
2024-10-07 17:00:00,37.17,37.34,36.2,36.97,7786503.79935896
2024-10-07 21:00:00,36.94,37.59,36.79,36.81,4913342.75610091
2024-10-08 01:00:00,36.98,37.44,36.6,36.9,2664149.07255843
2024-10-08 05:00:00,36.9,37.05,36.12,36.33,3744098.93146982
2024-10-08 09:00:00,36.25,36.78,36.25,36.57,4591094.58985864
2024-10-08 13:00:00,36.57,36.72,36.0,36.36,3983287.05873915
2024-10-08 17:00:00,36.3,36.38,36.0,36.38,2845340.59782992
2024-10-08 21:00:00,36.39,36.46,35.55,35.85,3772459.37330938
2024-10-09 01:00:00,35.83,36.12,35.59,36.0,836191.02563823
2024-10-09 05:00:00,35.97,36.0,35.6,35.82,2492351.08080356
2024-10-09 09:00:00,35.86,36.15,35.66,35.93,4322632.44536979
2024-10-09 13:00:00,35.87,36.17,35.73,35.98,2489765.92172168
2024-10-09 17:00:00,35.96,36.12,35.82,35.86,2640929.33617241
2024-10-09 21:00:00,35.85,35.93,34.75,35.05,7540374.19098076
2024-10-10 01:00:00,35.05,35.12,34.65,34.72,3884139.77908088
2024-10-10 05:00:00,34.72,34.99,34.34,34.99,6658455.38367439
2024-10-10 09:00:00,34.99,35.13,34.54,34.96,5008535.14014208
2024-10-10 13:00:00,34.97,35.15,34.8,34.87,3155042.7948493
2024-10-10 17:00:00,34.84,35.03,34.34,34.98,4553511.5532839
2024-10-10 21:00:00,35.06,35.06,34.25,34.4,5039225.95029919
2024-10-11 01:00:00,34.5,34.62,33.68,34.02,2419105.60586502
2024-10-11 05:00:00,34.03,34.84,33.95,34.78,2256144.79726029
2024-10-11 09:00:00,34.84,35.22,34.71,35.14,3915836.82585964
2024-10-11 13:00:00,35.14,35.45,34.87,35.43,4021349.60676259
2024-10-11 17:00:00,35.38,36.0,35.31,35.61,6431691.34851967
2024-10-11 21:00:00,35.69,35.99,35.52,35.91,3873193.83615984
2024-10-12 01:00:00,35.9,36.32,35.72,36.22,1773839.05106564
2024-10-12 05:00:00,36.34,36.39,36.08,36.09,1745712.32086337
2024-10-12 09:00:00,36.23,36.61,35.92,36.04,9500841.55995699
2024-10-12 13:00:00,35.92,36.69,35.92,36.62,2862200.32728655
2024-10-12 17:00:00,36.61,36.78,36.14,36.3,3210341.09708862
2024-10-12 21:00:00,36.19,36.37,36.05,36.05,3554236.96044847
2024-10-13 01:00:00,36.05,36.15,35.8,35.98,1662516.28171935
2024-10-13 05:00:00,36.14,36.3,36.1,36.23,1072337.78970663
2024-10-13 09:00:00,36.15,36.26,35.78,36.03,2479576.89635814
2024-10-13 13:00:00,36.03,36.39,35.87,36.18,1963107.64139205
2024-10-13 17:00:00,36.27,36.52,36.04,36.04,3833451.55500383
2024-10-13 21:00:00,36.04,36.22,35.26,35.48,6078077.77110939
2024-10-14 01:00:00,35.48,35.8,35.26,35.68,801925.01399826
2024-10-14 05:00:00,35.68,36.26,35.64,36.25,1916279.91994789
2024-10-14 09:00:00,36.25,36.8,35.8,36.8,6672188.06430365
2024-10-14 13:00:00,36.8,37.16,36.46,37.14,4966896.23464768
2024-10-14 17:00:00,37.01,37.14,36.67,36.99,5205975.27720939
2024-10-14 21:00:00,36.9,37.27,36.8,37.15,5483368.429415
2024-10-15 01:00:00,37.25,37.26,37.06,37.25,1490353.3546221
2024-10-15 05:00:00,37.26,37.5,37.14,37.31,5670725.06085881
2024-10-15 09:00:00,37.31,37.44,36.46,36.53,18236133.89089986
2024-10-15 13:00:00,36.56,36.97,36.39,36.89,7010314.34559107
2024-10-15 17:00:00,36.88,37.06,36.21,36.35,6273207.23846614
2024-10-15 21:00:00,36.35,37.65,36.02,36.78,15778907.64055238
2024-10-16 01:00:00,36.78,37.48,36.78,37.1,6349179.16567979
2024-10-16 05:00:00,37.02,37.41,36.53,37.4,4157251.50782046
2024-10-16 09:00:00,37.4,37.57,36.89,37.1,10646154.23014449
2024-10-16 13:00:00,37.1,37.3,36.7,36.89,3724427.89839683
2024-10-16 17:00:00,36.82,37.68,36.82,37.4,5209624.34081762
2024-10-16 21:00:00,37.4,37.53,36.72,36.75,5060342.48805248
2024-10-17 01:00:00,36.82,37.19,36.68,37.19,2417226.80883073
2024-10-17 05:00:00,37.16,37.46,37.0,37.16,4287913.93648292
2024-10-17 09:00:00,37.16,37.28,36.82,37.15,4200259.99694968
2024-10-17 13:00:00,37.15,37.16,36.47,36.55,4610192.70355044
2024-10-17 17:00:00,36.54,36.81,36.23,36.43,8030681.05907792
2024-10-17 21:00:00,36.24,36.59,36.11,36.54,3696316.45631721
2024-10-18 01:00:00,36.44,36.55,35.82,36.13,2599387.12173957
2024-10-18 05:00:00,36.15,36.55,36.12,36.55,889329.87055603
2024-10-18 09:00:00,36.54,36.98,36.34,36.61,5169792.38580447
2024-10-18 13:00:00,36.58,36.97,36.58,36.87,2816244.45967647
2024-10-18 17:00:00,36.87,36.97,36.6,36.69,2130523.70582827
2024-10-18 21:00:00,36.67,36.94,36.51,36.91,4819687.94302068
2024-10-19 01:00:00,36.91,37.05,36.77,36.92,2448028.84245637
2024-10-19 05:00:00,36.92,37.28,36.87,37.28,4205225.17126705
2024-10-19 09:00:00,37.28,38.2,37.28,38.12,17321010.12475726
2024-10-19 13:00:00,38.13,38.91,38.12,38.27,24934211.71000831
2024-10-19 17:00:00,38.12,38.3,37.5,37.6,12727168.8952389
2024-10-19 21:00:00,37.5,37.87,37.5,37.64,5510167.24894364
2024-10-20 01:00:00,37.64,37.89,37.42,37.75,2894150.43535539
2024-10-20 05:00:00,37.75,38.15,37.68,38.14,2582113.26733723
2024-10-20 09:00:00,38.14,38.27,37.67,37.89,6643390.66211288
2024-10-20 13:00:00,37.89,38.5,37.79,38.35,5651935.75008948
2024-10-20 17:00:00,38.29,38.44,38.13,38.4,4824344.04704631
2024-10-20 21:00:00,38.39,38.83,38.18,38.4,10805145.14418695
2024-10-21 01:00:00,38.36,38.59,38.35,38.49,1636828.23543469
2024-10-21 05:00:00,38.49,39.27,38.41,39.27,6765896.62475651
2024-10-21 09:00:00,39.27,39.56,38.6,38.83,11105075.45208788
2024-10-21 13:00:00,38.76,39.38,38.74,38.76,7321432.23300846
2024-10-21 17:00:00,38.85,39.07,38.24,38.34,6155876.01606206
2024-10-21 21:00:00,38.36,38.61,37.55,38.2,9213356.87976371
2024-10-22 01:00:00,38.03,38.52,37.73,38.52,1178540.13525834
2024-10-22 05:00:00,38.49,38.73,38.3,38.3,3754427.4099411
2024-10-22 09:00:00,38.36,38.52,37.59,38.28,5748816.51193712
2024-10-22 13:00:00,38.23,38.47,38.07,38.07,1935191.00635367
2024-10-22 17:00:00,38.1,38.1,37.34,37.73,7073948.39336402
2024-10-22 21:00:00,37.61,37.87,37.34,37.62,5044775.98234685
2024-10-23 01:00:00,37.54,37.83,37.16,37.69,2678699.09301307
2024-10-23 05:00:00,37.78,38.3,37.6,38.12,3801967.05917883
2024-10-23 09:00:00,38.12,38.16,37.44,37.66,3159070.90810467
2024-10-23 13:00:00,37.67,37.67,37.1,37.11,6271415.6926723
2024-10-23 17:00:00,37.11,37.24,36.51,36.52,7683756.4786736
2024-10-23 21:00:00,36.55,36.86,36.35,36.46,7087330.16580071
2024-10-24 01:00:00,36.5,36.65,36.06,36.59,3652906.28736
2024-10-24 05:00:00,36.64,36.86,36.62,36.86,2575529.20399541
2024-10-24 09:00:00,36.73,37.28,36.65,36.88,5120344.94351511
2024-10-24 13:00:00,36.88,36.88,36.42,36.42,5269772.65927142
2024-10-24 17:00:00,36.46,36.87,36.08,36.68,12045298.43246328
2024-10-24 21:00:00,36.68,39.42,36.67,38.76,110203111.26577558
2024-10-25 01:00:00,38.76,39.46,37.7,37.93,15637012.17018746
2024-10-25 05:00:00,37.92,38.14,37.6,37.85,8669911.06708773
2024-10-25 09:00:00,37.84,37.94,37.05,37.31,16633305.52546025
2024-10-25 13:00:00,37.31,37.33,36.71,36.82,10453993.06664578
2024-10-25 17:00:00,36.82,37.5,36.61,37.33,8345734.95915822
2024-10-25 21:00:00,37.33,37.54,36.51,36.61,3484169.55415948
2024-10-26 01:00:00,36.61,37.8,35.91,36.23,11001225.33710608
2024-10-26 05:00:00,36.23,36.35,33.5,34.68,18480089.73488093
2024-10-26 09:00:00,34.68,34.96,34.06,34.79,9442893.67793673
2024-10-26 13:00:00,34.78,35.24,34.76,34.79,3424727.08800913
2024-10-26 17:00:00,34.79,35.01,34.72,34.86,2529880.13438278
2024-10-26 21:00:00,34.87,34.9,33.95,34.21,4248218.84070056
2024-10-27 01:00:00,34.16,34.55,34.01,34.55,1692517.1038431
2024-10-27 05:00:00,34.56,34.87,34.56,34.69,1455125.05785455
2024-10-27 09:00:00,34.65,34.9,34.41,34.85,3008650.50481793
2024-10-27 13:00:00,34.85,34.89,34.69,34.7,1184563.59566302
2024-10-27 17:00:00,34.7,34.78,34.5,34.54,2712279.30110803
2024-10-27 21:00:00,34.55,34.89,34.48,34.89,17304199.83758919
2024-10-28 01:00:00,34.88,35.03,34.7,34.78,786308.40119624
2024-10-28 05:00:00,34.89,35.36,34.81,35.07,1884456.44845541
2024-10-28 09:00:00,35.08,35.14,34.3,34.32,10680318.0767779
2024-10-28 13:00:00,34.31,34.79,33.97,34.55,3956546.39037695
2024-10-28 17:00:00,34.53,34.72,34.36,34.58,3043035.68895645
2024-10-28 21:00:00,34.53,34.6,33.97,33.98,6923956.23520569
2024-10-29 01:00:00,33.99,34.44,33.7,34.39,2186226.82553627
2024-10-29 05:00:00,34.39,35.17,34.33,34.85,2729023.94810432
2024-10-29 09:00:00,34.75,35.24,34.64,35.13,8861397.06995749
2024-10-29 13:00:00,35.08,35.24,35.02,35.18,3489213.55562665
2024-10-29 17:00:00,35.23,35.62,35.23,35.4,3203303.09334516
2024-10-29 21:00:00,35.45,35.8,35.4,35.71,4124719.68197255
2024-10-30 01:00:00,35.65,36.32,35.65,35.75,4888750.82587061
2024-10-30 05:00:00,35.75,36.33,35.5,36.33,3364110.70964689
2024-10-30 09:00:00,36.32,36.37,35.74,36.03,6123469.2810683
2024-10-30 13:00:00,36.01,36.2,35.85,35.87,3460677.85857211
2024-10-30 17:00:00,35.88,36.06,35.39,35.4,2948301.22353072
2024-10-30 21:00:00,35.42,36.1,35.28,35.7,5126482.66517643
2024-10-31 01:00:00,35.64,35.75,35.43,35.65,1001283.90123422
2024-10-31 05:00:00,35.56,35.74,35.34,35.59,565733.46143577
2024-10-31 09:00:00,35.55,35.64,35.14,35.14,4454802.49923347
2024-10-31 13:00:00,35.15,35.27,35.01,35.21,1493344.53488672
2024-10-31 17:00:00,35.16,35.16,34.68,34.96,4211514.42092771
2024-10-31 21:00:00,34.88,34.95,34.29,34.48,7192175.52352808
2024-11-01 01:00:00,34.46,34.47,33.7,33.72,3734975.24208348
2024-11-01 05:00:00,33.75,34.21,33.75,34.09,2843283.29347247
2024-11-01 09:00:00,34.08,34.14,33.0,33.54,5848113.9791464
2024-11-01 13:00:00,33.55,33.7,33.01,33.14,2627059.83547471
2024-11-01 17:00:00,33.15,34.11,33.15,33.93,2222187.91258314
2024-11-01 21:00:00,33.93,34.6,33.24,33.37,3873166.61395356
2024-11-02 01:00:00,33.46,34.07,33.41,33.44,719507.11578184
2024-11-02 05:00:00,33.47,33.72,33.1,33.55,2038802.95897517
2024-11-02 09:00:00,33.54,34.02,33.54,33.77,1539331.23499026
2024-11-02 13:00:00,33.77,33.9,33.59,33.78,392966.72713693
2024-11-02 17:00:00,33.78,33.78,33.39,33.41,2280464.47076092
2024-11-02 21:00:00,33.4,33.52,32.76,32.9,4872473.48078165
2024-11-03 01:00:00,32.9,33.13,32.5,32.91,1526268.67033672
2024-11-03 05:00:00,33.02,33.04,32.8,32.9,482928.37683601
2024-11-03 09:00:00,32.97,33.13,31.48,32.05,8683966.0029949
2024-11-03 13:00:00,32.07,32.5,32.07,32.34,3627969.42951539
2024-11-03 17:00:00,32.3,32.3,31.55,31.55,2892429.53221556
2024-11-03 21:00:00,31.56,31.74,30.6,31.09,8819179.34526341
2024-11-04 01:00:00,31.2,31.6,31.01,31.58,1303765.71879737
2024-11-04 05:00:00,31.67,32.2,31.64,31.77,2359754.65809731
2024-11-04 09:00:00,31.77,32.3,31.12,31.78,3477136.59758331
2024-11-04 13:00:00,31.84,32.08,31.5,31.73,1922470.88318176
2024-11-04 17:00:00,31.63,32.61,31.18,31.6,50523907.91879738
2024-11-04 21:00:00,31.62,31.96,31.35,31.55,4138340.07356448
2024-11-05 01:00:00,31.49,31.55,31.12,31.46,697479.91569121
2024-11-05 05:00:00,31.42,31.46,30.4,31.12,6522582.26080258
2024-11-05 09:00:00,31.05,31.64,31.04,31.37,3677387.78545996
2024-11-05 13:00:00,31.48,31.91,31.48,31.91,3524754.80889843
2024-11-05 17:00:00,31.88,32.0,31.57,31.8,1845158.95419148
2024-11-05 21:00:00,31.82,32.79,31.79,32.38,3979809.61113973
2024-11-06 01:00:00,32.42,32.72,31.92,32.07,2027360.29309508
2024-11-06 05:00:00,32.09,32.57,31.99,32.44,1305100.49669192
2024-11-06 09:00:00,32.44,34.3,32.4,34.06,13022943.92657318
2024-11-06 13:00:00,34.06,34.74,33.68,34.1,14446327.93555831
2024-11-06 17:00:00,34.09,34.87,33.37,34.79,7827160.41888177
2024-11-06 21:00:00,34.79,34.93,34.27,34.69,7187198.82732514
2024-11-07 01:00:00,34.68,34.96,34.59,34.96,2431588.40175403
2024-11-07 05:00:00,34.96,35.43,34.9,35.42,4267177.03903462
2024-11-07 09:00:00,35.41,36.39,35.14,35.78,11949661.09386469
2024-11-07 13:00:00,35.75,35.84,34.82,35.16,4932824.78824446
2024-11-07 17:00:00,35.21,35.73,35.21,35.39,2954200.48038897
2024-11-07 21:00:00,35.38,36.06,35.22,35.98,4256021.36464474
2024-11-08 01:00:00,35.88,36.01,35.25,35.41,1632604.63681682
2024-11-08 05:00:00,35.65,35.8,35.27,35.47,3037034.74994599
2024-11-08 09:00:00,35.48,35.85,35.07,35.35,6646313.61023042
2024-11-08 13:00:00,35.35,35.81,35.34,35.57,8666483.90082425
2024-11-08 17:00:00,35.57,35.9,35.07,35.81,6922644.74112696
2024-11-08 21:00:00,35.89,36.12,35.5,35.88,8681613.35605342
2024-11-09 01:00:00,35.87,36.1,35.09,35.93,3739756.91955048
2024-11-09 05:00:00,35.95,36.48,35.8,36.4,5500230.85194747
2024-11-09 09:00:00,36.48,36.48,35.68,36.11,12331172.17655639
2024-11-09 13:00:00,36.18,37.01,36.12,36.67,9429674.01113728
2024-11-09 17:00:00,36.67,37.57,36.56,37.57,6607534.74449407
2024-11-09 21:00:00,37.56,37.56,36.59,37.26,7882236.81069124
2024-11-10 01:00:00,37.16,37.49,36.53,37.08,2284807.2676351
2024-11-10 05:00:00,37.03,38.52,36.97,38.07,9485467.36081008
2024-11-10 09:00:00,38.07,38.65,37.65,38.58,12132874.48004064
2024-11-10 13:00:00,38.58,39.7,38.57,39.37,23025651.66258943
2024-11-10 17:00:00,39.37,40.4,39.32,40.09,23201645.84299052
2024-11-10 21:00:00,40.19,40.26,39.01,40.17,44640344.00405203
2024-11-11 01:00:00,40.17,40.6,39.58,39.8,8432218.22294939
2024-11-11 05:00:00,39.72,40.29,37.68,40.24,17511435.45270117
2024-11-11 09:00:00,40.15,41.78,39.9,41.64,22982773.59123929
2024-11-11 13:00:00,41.69,41.77,39.06,40.5,28018470.21075158
2024-11-11 17:00:00,40.45,41.4,40.39,41.2,10836011.96688013
2024-11-11 21:00:00,41.2,41.4,40.0,40.43,19626601.49026165
2024-11-12 01:00:00,40.42,41.7,40.26,41.3,18605580.80806587
2024-11-12 05:00:00,41.38,42.67,40.73,42.67,32025141.52019718
2024-11-12 09:00:00,42.66,43.7,40.67,43.64,69633136.42477624
2024-11-12 13:00:00,43.64,45.94,42.54,45.61,67044617.0933474
2024-11-12 17:00:00,45.61,45.8,40.14,42.81,88828000.93313088
2024-11-12 21:00:00,42.7,43.8,41.03,41.61,35868656.83342104
2024-11-13 01:00:00,41.59,43.5,40.76,43.38,9233079.51911293
2024-11-13 05:00:00,43.37,46.48,43.11,45.87,37001641.93526001
2024-11-13 09:00:00,45.7,47.22,44.0,44.04,50887859.98855546
2024-11-13 13:00:00,44.01,44.75,41.99,43.3,23229470.55108041
2024-11-13 17:00:00,43.29,43.52,41.47,42.14,12532744.34803159
2024-11-13 21:00:00,42.11,44.13,41.7,43.84,21205526.2971584
2024-11-14 01:00:00,43.93,43.98,41.53,41.84,8204358.89870236
2024-11-14 05:00:00,41.65,42.18,40.9,42.1,13102363.17451096
2024-11-14 09:00:00,42.2,44.02,41.04,42.0,68227710.95102121
2024-11-14 13:00:00,42.0,44.02,41.85,43.63,15330334.43555333
2024-11-14 17:00:00,43.43,43.63,41.45,42.04,10494178.63062468
2024-11-14 21:00:00,42.0,42.3,40.36,40.72,16607800.67221337
2024-11-15 01:00:00,40.75,41.81,40.6,41.51,3657032.8745109
2024-11-15 05:00:00,41.29,41.74,39.53,40.48,13755992.25940832
2024-11-15 09:00:00,40.48,41.19,39.84,40.33,12744270.28722767
2024-11-15 13:00:00,40.33,40.51,39.14,39.99,10260865.87193889
2024-11-15 17:00:00,39.98,41.1,39.6,41.1,7960021.64364945
2024-11-15 21:00:00,41.1,41.56,40.0,40.5,13764430.19185317
2024-11-16 01:00:00,40.5,42.6,40.3,42.52,5929642.13214897
2024-11-16 05:00:00,42.54,44.1,42.54,43.56,15225302.6579523
2024-11-16 09:00:00,43.56,45.0,43.14,44.54,18847221.32704395
2024-11-16 13:00:00,44.54,44.55,43.51,44.35,10414438.5668677
2024-11-16 17:00:00,44.35,46.09,44.1,46.05,14010338.27954315
2024-11-16 21:00:00,45.96,46.25,43.23,43.75,32779477.98205397
2024-11-17 01:00:00,43.73,45.38,43.73,45.04,7669406.30928627
2024-11-17 05:00:00,45.09,46.83,44.91,46.62,12300141.04201673
2024-11-17 09:00:00,46.8,46.8,43.7,45.3,30768613.09158982
2024-11-17 13:00:00,45.22,45.99,44.8,45.87,7835856.85210755
2024-11-17 17:00:00,45.76,46.59,45.3,45.38,13701694.57588847
2024-11-17 21:00:00,45.38,46.27,44.71,44.73,10122513.03541688
2024-11-18 01:00:00,44.74,44.87,43.51,43.91,3617185.24404407
2024-11-18 05:00:00,43.84,44.85,43.31,44.29,9825851.8991018
2024-11-18 09:00:00,44.29,46.5,43.95,45.36,26021176.82129282
2024-11-18 13:00:00,45.37,46.26,44.78,46.17,18279465.7487193
2024-11-18 17:00:00,46.22,46.44,45.06,45.29,22432623.03504146
2024-11-18 21:00:00,45.28,48.8,44.66,47.45,46798845.57078565
2024-11-19 01:00:00,47.46,49.29,46.1,46.92,51442594.18843576
2024-11-19 05:00:00,46.88,48.98,46.5,48.9,18427209.53699235
2024-11-19 09:00:00,48.9,49.33,47.27,47.78,32986880.40081084
2024-11-19 13:00:00,47.76,47.92,46.53,47.62,20906816.81085742
2024-11-19 17:00:00,47.54,48.84,47.26,48.78,31900703.4966705
2024-11-19 21:00:00,48.78,50.42,46.9,47.04,54100341.8936096
2024-11-20 01:00:00,47.15,48.3,47.08,47.94,6963961.8133068
2024-11-20 05:00:00,47.94,48.13,46.73,47.91,11215170.61060002
2024-11-20 09:00:00,47.86,47.91,44.45,45.51,29396936.34309487
2024-11-20 13:00:00,45.64,46.65,45.2,46.09,11083709.40633431
2024-11-20 17:00:00,45.95,47.1,45.86,46.41,8290731.74242962
2024-11-20 21:00:00,46.38,47.68,45.49,47.19,17625524.49129957
2024-11-21 01:00:00,47.3,47.4,44.8,45.33,7288900.20964448
2024-11-21 05:00:00,45.14,46.65,44.92,46.08,4751118.61859461
2024-11-21 09:00:00,46.13,46.85,44.8,45.15,29824950.49401592
2024-11-21 13:00:00,45.15,46.71,44.79,46.29,16506385.32793698
2024-11-21 17:00:00,46.29,46.59,45.2,46.48,9938827.89977922
2024-11-21 21:00:00,46.4,48.0,46.18,46.91,26867637.47175471
2024-11-22 01:00:00,46.91,47.44,46.58,47.05,6020060.91386779
2024-11-22 05:00:00,47.08,47.52,46.83,47.28,7226908.91435183
2024-11-22 09:00:00,47.42,47.42,46.04,47.09,21672884.71598224
2024-11-22 13:00:00,47.09,47.5,46.65,46.84,14525483.38566445
2024-11-22 17:00:00,46.84,47.48,46.59,47.16,12517378.90473014
2024-11-22 21:00:00,47.05,47.9,44.02,46.6,28188254.25676485
2024-11-23 01:00:00,46.68,46.7,45.7,45.91,5375652.21946502
2024-11-23 05:00:00,46.16,48.3,46.13,48.19,11727538.36478973
2024-11-23 09:00:00,48.19,49.42,46.9,48.49,34879346.37497605
2024-11-23 13:00:00,48.53,52.02,47.31,52.02,42650718.90472984
2024-11-23 17:00:00,52.0,52.7,50.52,51.65,58538211.11557349
2024-11-23 21:00:00,51.54,55.99,51.26,55.36,192083095.12443185
2024-11-24 01:00:00,55.36,55.37,52.0,53.6,57713437.62954483
2024-11-24 05:00:00,53.53,54.85,51.95,54.73,21601317.10580277
2024-11-24 09:00:00,54.73,57.76,53.81,57.71,53772171.66095744
2024-11-24 13:00:00,57.71,58.17,56.49,57.13,54400508.67660453
2024-11-24 17:00:00,57.19,57.28,52.44,52.51,46109257.96626551
2024-11-24 21:00:00,52.51,53.3,49.61,50.25,49600280.28086062
2024-11-25 01:00:00,50.25,53.8,50.02,53.69,10080050.55079073
2024-11-25 05:00:00,53.66,56.57,53.3,55.3,31672435.82745947
2024-11-25 09:00:00,55.3,57.6,54.18,55.66,66972275.60344911
2024-11-25 13:00:00,55.66,56.04,54.36,55.18,20921769.08842962
2024-11-25 17:00:00,55.2,56.43,54.8,55.24,21895662.57397206
2024-11-25 21:00:00,55.22,56.4,53.04,55.19,27409315.58893902
2024-11-26 01:00:00,55.16,55.56,53.27,53.56,8837808.40071813
2024-11-26 05:00:00,53.62,54.69,52.01,53.37,15495607.5144316
2024-11-26 09:00:00,53.37,56.11,52.61,55.13,50581135.93919562
2024-11-26 13:00:00,55.06,58.02,54.57,56.75,55050326.99658759
2024-11-26 17:00:00,56.73,58.7,52.69,54.56,119767453.1686088
2024-11-26 21:00:00,54.37,55.7,52.62,54.25,61871529.39803453
2024-11-27 01:00:00,54.42,56.4,53.85,54.92,14037523.78943689
2024-11-27 05:00:00,54.69,57.61,54.55,57.52,22773230.79757521
2024-11-27 09:00:00,57.54,58.14,55.31,55.84,52354585.06718584
2024-11-27 13:00:00,55.84,57.3,55.5,56.85,24729511.87192021
2024-11-27 17:00:00,56.77,58.61,56.03,58.61,27113024.58164999
2024-11-27 21:00:00,58.61,58.98,56.7,58.6,38136891.67659036
2024-11-28 01:00:00,58.58,60.1,58.38,59.0,14181268.34743738
2024-11-28 05:00:00,59.0,59.54,58.25,59.2,20932025.48505391
2024-11-28 09:00:00,59.11,59.36,56.8,57.28,35522084.88142366
2024-11-28 13:00:00,57.38,58.15,56.68,56.75,12504517.8038762
2024-11-28 17:00:00,56.75,57.43,56.44,57.27,12179992.49220712
2024-11-28 21:00:00,57.27,57.68,56.31,56.44,11370694.79159147
2024-11-29 01:00:00,56.38,58.15,56.38,58.01,7871216.39801915
2024-11-29 05:00:00,58.02,58.6,57.16,58.03,9031784.45464608
2024-11-29 09:00:00,58.03,58.23,56.86,57.23,15190359.55190382
2024-11-29 13:00:00,57.23,57.29,56.25,56.4,12039465.71045851
2024-11-29 17:00:00,56.4,58.22,56.21,58.19,12138092.65103021
2024-11-29 21:00:00,58.02,58.26,57.22,57.75,16788571.97829933
2024-11-30 01:00:00,57.75,58.71,57.32,58.62,5346889.47294134
2024-11-30 05:00:00,58.64,59.59,58.59,58.93,14635704.81516172
2024-11-30 09:00:00,58.82,59.86,58.02,58.6,33964977.37049215
2024-11-30 13:00:00,58.52,59.21,57.75,59.03,16608091.49460254
2024-11-30 17:00:00,59.03,59.49,58.11,58.92,15375263.91400739
2024-11-30 21:00:00,58.91,62.7,58.91,62.56,47053098.84875256
2024-12-01 01:00:00,62.62,63.19,62.04,62.24,14015024.54821231
2024-12-01 05:00:00,62.11,62.42,61.35,61.84,10474916.43722101
2024-12-01 09:00:00,61.99,62.07,59.5,60.71,26907770.19176749
2024-12-01 13:00:00,60.72,62.0,60.5,61.75,9335498.60322425
2024-12-01 17:00:00,61.75,62.96,61.54,62.65,15444827.81103412
2024-12-01 21:00:00,62.7,63.47,61.8,61.85,15211546.4860941
2024-12-02 01:00:00,61.95,62.05,60.07,60.53,13066446.90524845
2024-12-02 05:00:00,60.49,61.25,59.54,60.68,15072848.01913493
2024-12-02 09:00:00,60.82,62.33,59.35,59.59,31416469.75939277
2024-12-02 13:00:00,59.58,60.4,58.79,59.73,28824265.67642164
2024-12-02 17:00:00,59.73,59.97,55.88,57.6,35065495.12102885
2024-12-02 21:00:00,57.61,59.74,57.39,59.72,21331983.07224424
2024-12-03 01:00:00,59.72,59.73,57.48,59.34,14974362.00651375
2024-12-03 05:00:00,59.31,62.26,59.31,62.2,25124063.82975933
2024-12-03 09:00:00,62.2,64.8,61.1,64.3,60545117.37589641
2024-12-03 13:00:00,64.3,67.43,63.48,65.06,72059392.72463126
2024-12-03 17:00:00,65.06,72.5,65.05,67.14,326988398.0974862
2024-12-03 21:00:00,67.07,67.7,39.06,63.3,196092982.8402544
2024-12-04 01:00:00,63.5,66.58,63.03,66.58,54664161.23075483
2024-12-04 05:00:00,66.58,69.47,66.4,68.79,53747034.47319119
2024-12-04 09:00:00,68.79,69.5,66.81,69.07,49039360.99637941
2024-12-04 13:00:00,69.07,73.32,68.12,72.13,101832368.70956291
2024-12-04 17:00:00,72.12,72.5,70.4,72.0,49421034.51308567
2024-12-04 21:00:00,72.0,72.71,69.48,71.29,52470323.3071309
2024-12-05 01:00:00,71.35,73.53,68.1,73.37,21699413.03783819
2024-12-05 05:00:00,73.52,74.06,70.22,72.33,31884962.97270565
2024-12-05 09:00:00,72.33,73.39,67.28,67.72,64325653.82622464
2024-12-05 13:00:00,67.72,72.8,67.58,72.71,23726189.15187648
2024-12-05 17:00:00,72.46,74.65,71.49,74.42,34974346.2886385
2024-12-05 21:00:00,74.41,75.0,71.75,72.91,32047658.03978811
2024-12-06 01:00:00,72.94,79.22,72.42,76.79,41433176.99335977
2024-12-06 05:00:00,76.79,88.36,75.58,81.19,380950863.16235554
2024-12-06 09:00:00,81.19,83.39,78.34,78.82,82844775.96969235
2024-12-06 13:00:00,78.82,80.8,78.2,78.3,34961592.97804143
2024-12-06 17:00:00,78.3,78.96,74.97,75.67,50390051.48577122
2024-12-06 21:00:00,75.87,79.06,72.93,79.06,70651246.29049848
2024-12-07 01:00:00,79.06,79.63,78.12,79.23,13414694.36626569
2024-12-07 05:00:00,79.32,80.7,77.9,79.26,21400759.31523912
2024-12-07 09:00:00,79.46,80.7,76.54,77.88,31849244.0940779
2024-12-07 13:00:00,77.87,78.64,75.58,76.18,24732918.70883943
2024-12-07 17:00:00,76.18,78.68,75.41,76.93,15938209.74617103
2024-12-07 21:00:00,76.81,77.84,76.0,76.36,17839826.16987411
2024-12-08 01:00:00,76.34,76.64,75.11,75.26,9024249.35241023
2024-12-08 05:00:00,75.26,76.59,75.11,76.23,9821739.06834679
2024-12-08 09:00:00,76.14,76.65,75.4,75.89,14216077.37968557
2024-12-08 13:00:00,75.9,76.17,74.0,74.68,17592716.9082623
2024-12-08 17:00:00,74.68,75.32,73.0,75.28,20013559.38644521
2024-12-08 21:00:00,75.17,75.94,74.48,75.37,9326201.22375267
2024-12-09 01:00:00,75.27,75.5,74.06,74.94,2689568.78791246
2024-12-09 05:00:00,74.91,77.41,74.91,76.76,15764874.15630551
2024-12-09 09:00:00,76.76,76.91,72.63,73.54,26070881.65944642
2024-12-09 13:00:00,73.36,74.46,71.51,72.55,21503557.40277104
2024-12-09 17:00:00,72.42,72.42,68.11,68.54,37702850.23976459
2024-12-09 21:00:00,68.54,72.01,68.0,70.14,19509393.32881452
2024-12-10 01:00:00,70.03,70.52,69.12,69.25,3817433.69736993
2024-12-10 05:00:00,69.35,69.55,57.57,63.73,76969007.32425863
2024-12-10 09:00:00,63.73,65.25,58.0,61.24,58066625.70747848
2024-12-10 13:00:00,61.48,64.03,59.78,63.08,17374720.76788391
2024-12-10 17:00:00,62.99,65.0,62.26,63.74,10852424.60459036
2024-12-10 21:00:00,63.76,63.93,58.2,58.26,22265357.29974044
2024-12-11 01:00:00,58.32,59.57,56.72,59.44,17111000.62272613
2024-12-11 05:00:00,59.45,62.32,59.18,61.63,10037906.75549777
2024-12-11 09:00:00,61.59,61.79,58.21,60.46,17621744.97264396
2024-12-11 13:00:00,60.6,60.88,59.26,59.34,5971725.61774346
2024-12-11 17:00:00,59.34,62.4,59.23,61.84,10180241.15450803
2024-12-11 21:00:00,61.88,66.07,61.8,65.8,17499291.93422166
2024-12-12 01:00:00,65.98,66.8,64.71,65.96,11140268.03827808
2024-12-12 05:00:00,65.95,67.4,65.21,66.7,9127402.75780383
2024-12-12 09:00:00,66.7,69.99,66.28,69.46,29557649.69046359
2024-12-12 13:00:00,69.46,71.6,69.24,70.76,15507019.03666759
2024-12-12 17:00:00,70.83,73.28,68.8,69.72,27658899.99962806
2024-12-12 21:00:00,69.72,71.48,69.26,69.69,14619696.1471981
2024-12-13 01:00:00,70.04,70.89,67.26,67.8,8518089.37068949
2024-12-13 05:00:00,67.78,69.14,67.61,68.1,3660770.63913289
2024-12-13 09:00:00,68.33,68.72,66.0,67.94,12507941.80776107
2024-12-13 13:00:00,67.94,67.94,65.64,66.5,10385143.06977157
2024-12-13 17:00:00,66.5,67.61,66.18,66.91,6253066.94600117
2024-12-13 21:00:00,66.91,67.7,66.06,66.23,8119624.11323353
2024-12-14 01:00:00,66.12,67.79,66.07,67.47,3087378.18410405
2024-12-14 05:00:00,67.47,68.11,66.54,67.61,3389991.87855297
2024-12-14 09:00:00,67.5,67.99,66.7,66.91,7539158.49000741
2024-12-14 13:00:00,67.03,67.51,66.53,66.87,4720525.627342
2024-12-14 17:00:00,66.87,67.75,66.16,66.29,8930800.9412022
2024-12-14 21:00:00,66.29,66.4,63.51,65.01,16860664.09649039
2024-12-15 01:00:00,64.9,64.96,63.42,64.2,3319122.75421812
2024-12-15 05:00:00,64.2,64.62,63.34,64.31,3798468.77000711
2024-12-15 09:00:00,64.4,64.82,62.86,63.43,6278994.76785935
2024-12-15 13:00:00,63.43,64.43,62.56,62.96,4503321.68173007
2024-12-15 17:00:00,63.1,64.5,63.1,63.97,4045204.39454337
2024-12-15 21:00:00,64.13,66.84,64.0,66.28,12028067.74381439
2024-12-16 01:00:00,66.4,66.5,65.35,65.79,2868515.29345329
2024-12-16 05:00:00,65.69,66.51,64.05,66.1,8012778.92975831
2024-12-16 09:00:00,66.35,69.4,65.95,66.55,36357542.08518369
2024-12-16 13:00:00,66.67,67.15,65.69,66.83,25401945.28467301
2024-12-16 17:00:00,66.82,67.09,64.06,64.36,19594837.13243949
2024-12-16 21:00:00,64.37,66.28,64.18,66.04,10057225.97449118
2024-12-17 01:00:00,66.02,66.36,64.65,65.66,9151024.60524546
2024-12-17 05:00:00,65.66,66.9,65.32,65.71,6647344.86722702
2024-12-17 09:00:00,65.7,65.7,64.05,65.07,10135104.94317139
2024-12-17 13:00:00,65.07,65.2,64.0,64.21,4845816.35387001
2024-12-17 17:00:00,64.38,65.71,63.99,65.34,7318472.22211322
2024-12-17 21:00:00,65.44,66.15,63.1,63.51,21881474.89252446
2024-12-18 01:00:00,63.47,64.7,63.04,63.96,3870159.65740134
2024-12-18 05:00:00,64.0,64.19,61.74,62.34,7935767.34088299
2024-12-18 09:00:00,62.34,62.88,60.54,60.63,20089556.24488097
2024-12-18 13:00:00,60.75,61.3,59.5,60.97,9066317.71735506
2024-12-18 17:00:00,60.97,62.3,60.27,61.98,8776431.11748999
2024-12-18 21:00:00,61.98,61.98,60.25,61.0,5379331.76175338
2024-12-19 01:00:00,60.79,61.82,59.89,59.89,5559992.10567763
2024-12-19 05:00:00,59.89,60.24,56.1,56.35,23880078.31878763
2024-12-19 09:00:00,56.35,57.88,53.42,57.77,27081297.8266503
2024-12-19 13:00:00,57.72,58.47,57.4,57.66,6448773.16948394
2024-12-19 17:00:00,57.65,59.29,57.03,58.83,6279022.08758592
2024-12-19 21:00:00,58.81,58.98,55.6,56.67,10001161.60251861
2024-12-20 01:00:00,56.66,57.31,52.51,53.05,10048399.63579852
2024-12-20 05:00:00,53.22,54.68,52.0,53.36,11155065.66788043
2024-12-20 09:00:00,53.36,55.36,52.08,54.13,15250255.4541322
2024-12-20 13:00:00,54.24,54.63,51.87,52.73,11096471.7326065
2024-12-20 17:00:00,52.73,52.94,46.78,46.99,51830286.24131245
2024-12-20 21:00:00,46.99,52.58,46.65,51.92,20186313.75151389
2024-12-21 01:00:00,51.92,54.5,51.51,54.32,8511412.5935253
2024-12-21 05:00:00,54.3,56.12,52.7,55.72,7846683.15763755
2024-12-21 09:00:00,55.72,56.5,54.56,55.02,8937383.3857388
2024-12-21 13:00:00,55.09,58.3,55.05,57.93,7927883.41464797
2024-12-21 17:00:00,57.81,58.0,55.71,56.33,8811721.15538054
2024-12-21 21:00:00,56.33,56.47,52.52,53.83,12109502.62114168
2024-12-22 01:00:00,53.83,54.04,52.03,52.34,7310309.22725933
2024-12-22 05:00:00,52.78,53.36,52.06,52.74,7577450.68474641
2024-12-22 09:00:00,52.88,53.87,52.3,53.46,7990352.77201482
2024-12-22 13:00:00,53.12,53.47,51.86,52.61,6770737.65596551
2024-12-22 17:00:00,52.6,54.2,52.59,53.51,5157702.79266836
2024-12-22 21:00:00,53.39,55.49,53.11,53.89,14994172.14555347
2024-12-23 01:00:00,53.66,54.16,52.3,52.41,4481642.86837995
2024-12-23 05:00:00,52.41,54.0,51.88,53.51,4999381.18635036
2024-12-23 09:00:00,53.51,54.63,51.82,54.61,8881265.3762678
2024-12-23 13:00:00,54.61,54.95,52.85,53.43,6536156.11708665
2024-12-23 17:00:00,53.63,54.5,53.4,53.72,2876925.07816451
2024-12-23 21:00:00,53.72,54.53,52.74,52.78,6907256.22548661
2024-12-24 01:00:00,52.95,54.72,52.71,54.21,4262705.02554
2024-12-24 05:00:00,54.35,57.0,54.35,56.35,9574208.99001671
2024-12-24 09:00:00,56.13,56.65,54.9,55.55,5771167.96753821
2024-12-24 13:00:00,55.57,56.5,55.11,55.52,3941425.57613617
2024-12-24 17:00:00,55.52,56.97,55.42,56.66,7356009.49861582
2024-12-24 21:00:00,56.7,59.43,56.11,58.85,9611557.83104723
2024-12-25 01:00:00,58.88,60.36,58.84,58.84,8994841.46166668
2024-12-25 05:00:00,58.81,59.22,58.01,58.26,4627868.4115979
2024-12-25 09:00:00,58.26,58.82,57.15,57.7,11768993.7960445
2024-12-25 13:00:00,57.88,59.5,57.58,58.75,13196064.31888171
2024-12-25 17:00:00,58.85,59.65,58.01,58.11,6413348.32048383
2024-12-25 21:00:00,58.15,58.79,57.52,57.66,5059166.95576064
2024-12-26 01:00:00,57.68,57.96,56.98,57.4,2881884.12212928
2024-12-26 05:00:00,57.4,57.61,56.36,56.68,4314881.87453147
2024-12-26 09:00:00,56.87,57.48,55.3,55.3,7653557.14970212
2024-12-26 13:00:00,55.3,55.84,53.75,53.99,8986050.10254195
2024-12-26 17:00:00,53.99,54.28,52.84,54.19,4878079.12636911
2024-12-26 21:00:00,54.1,54.1,52.78,53.24,5640618.59060452
2024-12-27 01:00:00,53.24,54.01,52.47,53.18,3191870.49515589
2024-12-27 05:00:00,53.17,53.34,52.41,52.6,2023173.14863415
2024-12-27 09:00:00,52.61,53.68,51.73,53.16,8405383.72333088
2024-12-27 13:00:00,53.27,54.17,52.56,53.09,5265020.17985635
2024-12-27 17:00:00,53.01,55.4,52.99,55.14,7016763.57945723
2024-12-27 21:00:00,55.16,55.22,52.88,53.12,5361533.59503493
2024-12-28 01:00:00,53.36,53.99,52.66,53.91,6896823.77396256
2024-12-28 05:00:00,53.91,53.92,52.63,52.89,2579178.20392343
2024-12-28 09:00:00,53.14,54.13,52.71,53.78,10828455.0441114
2024-12-28 13:00:00,53.61,54.5,53.31,54.08,8267297.37677252
2024-12-28 17:00:00,54.08,54.29,53.44,54.01,8513770.69973632
2024-12-28 21:00:00,54.01,55.38,53.63,54.63,8034389.14589006
2024-12-29 01:00:00,54.63,55.68,54.46,54.93,1538552.05282107
2024-12-29 05:00:00,55.06,56.24,54.57,56.18,8333195.771538
2024-12-29 09:00:00,56.1,56.24,54.34,55.3,12334587.58659968
2024-12-29 13:00:00,55.31,55.47,54.65,55.32,3061926.84870287
2024-12-29 17:00:00,55.32,55.4,54.19,54.19,4876492.85922815
2024-12-29 21:00:00,54.19,54.37,53.0,53.5,13330679.17456714
2024-12-30 01:00:00,53.56,53.56,52.58,52.95,3366484.70758884
2024-12-30 05:00:00,52.76,52.82,51.32,52.05,9493303.38529887
2024-12-30 09:00:00,52.05,52.9,51.6,52.76,11552273.7230597
2024-12-30 13:00:00,52.65,53.71,52.3,53.28,13677752.23724441
2024-12-30 17:00:00,53.07,53.44,51.5,52.17,7121190.25710998
2024-12-30 21:00:00,52.17,52.7,49.89,50.3,15914961.67669819
2024-12-31 01:00:00,50.3,52.49,49.77,52.42,4884739.37317247
2024-12-31 05:00:00,52.47,53.03,50.76,51.09,5515827.25654496
2024-12-31 09:00:00,51.09,51.09,49.17,49.38,6767947.27065765
2024-12-31 13:00:00,49.37,49.69,48.93,49.44,7086620.87402206
2024-12-31 17:00:00,49.6,51.08,49.4,50.54,6294907.27191067
2024-12-31 21:00:00,50.54,51.99,50.39,51.41,8254140.91787292
2025-01-01 01:00:00,51.34,51.34,50.5,51.06,1819861.62349691
2025-01-01 05:00:00,50.82,51.07,49.58,50.16,3184067.71871077
2025-01-01 09:00:00,50.12,51.08,49.96,50.53,6830548.24334788
2025-01-01 13:00:00,50.52,50.89,50.23,50.81,2590339.44832354
2025-01-01 17:00:00,50.81,50.86,49.4,50.65,6244965.99468724
2025-01-01 21:00:00,50.5,51.89,50.29,51.57,3976373.488264
2025-01-02 01:00:00,51.76,52.59,50.81,52.32,4321553.71203982
2025-01-02 05:00:00,52.7,52.94,52.38,52.86,3524718.0846864
2025-01-02 09:00:00,52.86,53.99,52.59,53.1,7969039.92806242
2025-01-02 13:00:00,53.15,53.9,52.6,53.4,4459661.43957628
2025-01-02 17:00:00,53.4,54.27,53.28,54.12,4854267.62817006
2025-01-02 21:00:00,54.24,54.78,53.5,53.83,3491657.22795556
2025-01-03 01:00:00,53.85,54.54,53.63,53.84,474004.16393053
2025-01-03 05:00:00,53.93,54.3,53.69,54.02,1076085.11534237
2025-01-03 09:00:00,54.0,54.15,53.09,54.05,2905231.23964799
2025-01-03 13:00:00,53.79,53.85,53.1,53.18,1883967.65927228
2025-01-03 17:00:00,53.24,55.33,53.1,55.27,4647368.33154411
2025-01-03 21:00:00,55.23,57.0,55.05,57.0,9536822.30255351
2025-01-04 01:00:00,56.9,57.98,56.9,57.33,5514227.54573364
2025-01-04 05:00:00,57.33,57.86,56.69,57.7,4599890.30420363
2025-01-04 09:00:00,57.7,57.97,56.5,57.68,4648720.94683975
2025-01-04 13:00:00,57.68,58.25,57.1,58.09,4016113.35177131
2025-01-04 17:00:00,58.09,58.18,56.0,57.04,5179102.1107846
2025-01-04 21:00:00,57.15,58.3,56.4,56.9,6420988.31351812
2025-01-05 01:00:00,56.97,57.3,56.64,56.84,961102.28219108
2025-01-05 05:00:00,56.94,57.56,56.91,57.33,2400424.62809903
2025-01-05 09:00:00,57.43,57.63,56.76,57.29,4880521.67657464
2025-01-05 13:00:00,57.29,58.0,57.07,57.87,7384627.05971765
2025-01-05 17:00:00,57.87,57.91,56.69,57.2,7255601.81559299
2025-01-05 21:00:00,57.2,57.89,56.81,57.28,6556341.47574876
2025-01-06 01:00:00,57.31,57.75,56.72,57.69,2485779.76028214
2025-01-06 05:00:00,57.75,58.61,57.6,57.89,4461811.89553892
2025-01-06 09:00:00,58.15,58.8,56.87,58.55,10403967.25277352
2025-01-06 13:00:00,58.63,59.21,58.25,58.79,11242056.02143079
2025-01-06 17:00:00,58.8,59.2,58.1,59.11,8166472.82737922
2025-01-06 21:00:00,59.11,60.36,58.72,60.19,18631656.37717522
2025-01-07 01:00:00,60.2,60.47,59.09,60.07,4000906.26711194
2025-01-07 05:00:00,60.07,60.07,59.35,59.85,4280583.35269184
2025-01-07 09:00:00,59.85,59.92,58.83,58.97,10011571.68724245
2025-01-07 13:00:00,58.97,59.26,58.49,58.65,4825067.15405355
2025-01-07 17:00:00,58.65,59.0,57.3,58.12,5528733.74876107
2025-01-07 21:00:00,58.01,58.57,55.18,55.83,17703845.07140869
2025-01-08 01:00:00,55.83,56.26,54.18,54.4,7788940.96809933
2025-01-08 05:00:00,54.22,55.06,53.51,53.55,8958894.65318627
2025-01-08 09:00:00,53.56,54.01,51.82,52.42,14817002.56132188
2025-01-08 13:00:00,52.27,52.46,50.26,51.52,15719536.87596459
2025-01-08 17:00:00,51.67,52.11,51.0,51.36,6825305.70068192
2025-01-08 21:00:00,51.36,52.95,50.61,52.61,25183600.74267168
2025-01-09 01:00:00,52.61,53.33,50.32,51.6,16868947.38122745
2025-01-09 05:00:00,51.89,52.83,51.2,52.7,7914685.31696889
2025-01-09 09:00:00,52.5,53.78,51.86,53.29,29710675.46811075
2025-01-09 13:00:00,53.29,53.43,51.47,51.75,29001185.53635303
2025-01-09 17:00:00,51.75,55.77,51.46,55.45,51970458.84221231
2025-01-09 21:00:00,55.45,56.03,52.7,54.1,46827881.50571208
2025-01-10 01:00:00,54.0,54.49,52.41,52.62,9803986.48971945
2025-01-10 05:00:00,52.62,54.3,51.67,54.3,20418472.62079041
2025-01-10 09:00:00,54.29,55.14,53.3,54.85,45627643.91831612
2025-01-10 13:00:00,54.9,55.55,53.72,55.22,25970870.24595955
2025-01-10 17:00:00,55.22,56.7,54.69,56.68,32386848.79326928
2025-01-10 21:00:00,56.68,59.61,53.6,55.15,186374153.5597196
2025-01-11 01:00:00,55.06,56.53,54.56,56.33,9239861.94258625
2025-01-11 05:00:00,56.53,56.53,55.48,55.96,9061929.21855546
2025-01-11 09:00:00,55.96,57.89,55.15,56.08,47492224.0667111
2025-01-11 13:00:00,55.99,57.8,55.7,57.2,28831205.73572997
2025-01-11 17:00:00,57.22,57.99,55.81,55.96,28375870.38953386
2025-01-11 21:00:00,55.98,57.15,55.82,56.0,14720415.91799911
2025-01-12 01:00:00,56.14,56.28,55.25,55.31,8238972.02926019
2025-01-12 05:00:00,55.31,57.6,55.31,56.3,13097351.86324938
2025-01-12 09:00:00,56.3,57.86,55.63,57.43,33865705.47792773
2025-01-12 13:00:00,57.44,58.46,56.07,56.79,27097122.78990699
2025-01-12 17:00:00,56.87,56.99,55.41,55.58,19778856.67875762
2025-01-12 21:00:00,55.58,56.5,55.13,55.84,14296623.36843923
2025-01-13 01:00:00,55.88,56.79,55.09,55.14,5489957.28330875
2025-01-13 05:00:00,55.23,55.23,53.89,54.64,11964829.45594393
2025-01-13 09:00:00,54.69,55.57,52.01,52.24,31891238.9977544
2025-01-13 13:00:00,52.24,53.18,51.23,51.5,11415099.35020447
2025-01-13 17:00:00,51.5,51.6,49.22,49.3,22244496.79180944
2025-01-13 21:00:00,49.3,50.92,49.01,50.23,14702166.18660687
2025-01-14 01:00:00,50.29,50.81,49.2,50.39,3242681.12846067
2025-01-14 05:00:00,50.27,53.69,50.18,52.37,10438303.29553312
2025-01-14 09:00:00,52.37,52.8,51.51,51.61,8964565.4448802
2025-01-14 13:00:00,51.63,52.45,51.4,51.46,4443750.21789927
2025-01-14 17:00:00,51.53,53.38,51.53,53.18,12423294.55405944
2025-01-14 21:00:00,53.01,53.68,52.18,53.02,10062097.43164204
2025-01-15 01:00:00,53.02,53.9,52.45,53.55,2833359.57265739
2025-01-15 05:00:00,53.02,53.87,52.98,53.85,3071291.13038015
2025-01-15 09:00:00,53.85,54.26,52.75,53.1,8416265.79321696
2025-01-15 13:00:00,53.2,53.39,52.42,52.98,6931793.00641657
2025-01-15 17:00:00,53.06,53.19,51.39,51.9,5545376.27840555
2025-01-15 21:00:00,51.9,54.96,51.56,54.71,14419242.94290352
2025-01-16 01:00:00,54.71,54.99,53.71,54.92,6978208.13074143
2025-01-16 05:00:00,54.92,55.49,54.34,55.15,7032433.74788245
2025-01-16 09:00:00,54.99,55.3,53.47,53.74,12272679.24560165
2025-01-16 13:00:00,53.76,54.49,53.74,54.0,2711388.10119347
2025-01-16 17:00:00,54.14,54.18,52.95,53.96,11752083.26352695
2025-01-16 21:00:00,53.9,54.96,53.03,54.29,13872060.69621146
2025-01-17 01:00:00,54.29,54.69,53.3,54.05,3647741.20629286
2025-01-17 05:00:00,53.98,54.05,52.53,52.99,6601972.65040418
2025-01-17 09:00:00,52.9,54.83,52.82,54.46,7662172.0756702
2025-01-17 13:00:00,54.56,54.87,54.4,54.55,8687572.48232533
2025-01-17 17:00:00,54.55,55.57,54.43,55.18,14298854.18806046
2025-01-17 21:00:00,55.34,56.04,54.75,56.02,18783323.15015549
2025-01-18 01:00:00,55.99,56.17,55.18,55.22,5900349.41436669
2025-01-18 05:00:00,55.22,56.32,55.22,56.18,4513330.09882419
2025-01-18 09:00:00,55.98,56.65,53.7,54.02,21722086.82019744
2025-01-18 13:00:00,54.02,54.15,52.41,52.58,23945322.10760235
2025-01-18 17:00:00,52.58,53.28,52.01,53.22,14170687.68438385
2025-01-18 21:00:00,53.22,53.35,52.16,52.45,9136592.27729147
2025-01-19 01:00:00,52.45,52.65,51.61,52.12,13655388.0155624
2025-01-19 05:00:00,52.12,52.49,51.56,52.01,5785552.00138824
2025-01-19 09:00:00,52.19,53.28,51.69,52.28,9723731.08809676
2025-01-19 13:00:00,52.28,52.5,50.84,50.93,15063901.77663953
2025-01-19 17:00:00,50.93,51.01,48.62,48.83,24474267.36477302
2025-01-19 21:00:00,48.83,52.04,48.78,51.01,15634835.83423793
2025-01-20 01:00:00,51.01,51.89,50.5,51.46,3365123.41683815
2025-01-20 05:00:00,51.67,51.9,47.2,47.82,23255248.44150608
2025-01-20 09:00:00,48.07,48.79,46.43,47.83,17704668.99995817
2025-01-20 13:00:00,47.7,51.0,47.28,50.08,14535591.1211757
2025-01-20 17:00:00,50.09,50.64,48.95,49.7,11734883.0109044
2025-01-20 21:00:00,49.7,49.7,47.81,48.36,14867544.83325152
2025-01-21 01:00:00,48.36,49.12,46.56,48.24,14128137.03952123
2025-01-21 05:00:00,48.06,48.63,46.63,47.75,6196957.05654506
2025-01-21 09:00:00,47.75,48.04,46.7,47.12,7317276.93385288
2025-01-21 13:00:00,47.05,47.57,46.36,47.28,4703673.98384681
2025-01-21 17:00:00,47.18,48.35,46.92,48.34,5891665.30461981
2025-01-21 21:00:00,48.33,48.94,48.05,48.35,4482920.16149012
2025-01-22 01:00:00,48.31,49.43,48.14,48.56,2167709.79111295
2025-01-22 05:00:00,48.87,48.87,48.0,48.38,4852087.01451551
2025-01-22 09:00:00,48.39,48.62,47.38,47.98,7027585.63183
2025-01-22 13:00:00,47.98,48.33,47.66,47.69,2474510.73871666
2025-01-22 17:00:00,47.71,48.13,47.35,48.13,8000812.55673867
2025-01-22 21:00:00,48.13,48.29,47.4,47.78,3466308.87448226
2025-01-23 01:00:00,47.45,48.0,47.22,47.34,2450500.84087491
2025-01-23 05:00:00,47.34,47.53,46.71,46.82,5451105.16654749
2025-01-23 09:00:00,46.82,46.94,45.96,46.31,6392361.35683455
2025-01-23 13:00:00,46.31,46.63,45.78,46.54,4487300.10111671
2025-01-23 17:00:00,46.59,46.59,45.76,45.9,2955324.83805875
2025-01-23 21:00:00,45.77,47.3,45.49,46.92,7205051.17217147
2025-01-24 01:00:00,46.92,47.6,45.95,46.03,2957599.25110898
2025-01-24 05:00:00,45.93,47.0,45.52,46.56,3214738.40909308
2025-01-24 09:00:00,46.56,46.74,44.72,45.36,11262059.89103207
2025-01-24 13:00:00,45.45,46.99,45.2,46.6,5699665.60846553
2025-01-24 17:00:00,46.6,47.38,46.42,47.11,2611813.73641391
2025-01-24 21:00:00,47.11,47.5,46.53,46.77,3519949.39528348
2025-01-25 01:00:00,46.9,47.0,46.27,46.48,1600160.84542979
2025-01-25 05:00:00,46.48,46.49,44.7,44.94,5670961.95392915
2025-01-25 09:00:00,44.98,45.62,44.15,45.6,4557280.39292313
2025-01-25 13:00:00,45.41,45.41,44.9,45.13,3696491.35151515
2025-01-25 17:00:00,45.06,45.59,44.9,45.59,2975202.65936431
2025-01-25 21:00:00,45.54,45.8,45.18,45.64,6359858.2998653
2025-01-26 01:00:00,45.5,45.86,45.3,45.38,1296243.01447584
2025-01-26 05:00:00,45.38,45.64,45.0,45.14,6010226.48493808
2025-01-26 09:00:00,45.14,45.8,44.93,45.62,7740969.3916343
2025-01-26 13:00:00,45.6,46.21,45.6,45.87,4895725.25249924
2025-01-26 17:00:00,45.89,46.45,45.37,46.39,4162890.05161968
2025-01-26 21:00:00,46.29,46.34,45.65,45.83,6846502.60695418
2025-01-27 01:00:00,45.83,45.94,45.53,45.69,3456668.88266085
2025-01-27 05:00:00,45.68,45.8,44.29,44.41,6150399.30674889
2025-01-27 09:00:00,44.34,44.66,42.99,43.27,17863587.14904734
2025-01-27 13:00:00,43.39,43.39,41.2,42.18,22371352.43563581
2025-01-27 17:00:00,42.15,42.36,41.4,41.88,9216802.60519223
2025-01-27 21:00:00,41.88,43.7,41.79,43.5,5821799.05784392
2025-01-28 01:00:00,43.37,43.44,42.5,42.7,2888288.94221075
2025-01-28 05:00:00,43.0,43.93,43.0,43.61,4259196.63845606
2025-01-28 09:00:00,43.66,43.94,42.9,43.76,4062960.440688
2025-01-28 13:00:00,43.84,44.1,43.38,43.39,1797489.71624465
2025-01-28 17:00:00,43.55,43.7,43.01,43.09,1453251.07767445
2025-01-28 21:00:00,43.04,43.16,42.37,42.47,5408777.95673981
2025-01-29 01:00:00,42.47,42.67,41.98,41.98,2999155.80886065
2025-01-29 05:00:00,41.97,42.0,40.14,40.42,12294828.53615311
2025-01-29 09:00:00,40.35,40.89,39.88,40.13,11991767.4450937
2025-01-29 13:00:00,40.13,40.74,39.89,40.73,12255245.79507763
2025-01-29 17:00:00,40.8,40.9,40.22,40.64,3734668.40119137
2025-01-29 21:00:00,40.62,40.67,39.68,40.03,8161733.96262799
2025-01-30 01:00:00,40.05,41.06,39.52,40.75,6043373.30886168
2025-01-30 05:00:00,40.54,41.73,40.26,40.75,8884330.10564691
2025-01-30 09:00:00,40.84,41.32,40.48,41.17,5320995.58268448
2025-01-30 13:00:00,41.32,41.5,40.77,41.06,4181545.73745512
2025-01-30 17:00:00,41.0,41.33,40.69,41.25,3609833.66245614
2025-01-30 21:00:00,41.25,42.3,40.85,41.96,5844264.60642895
2025-01-31 01:00:00,42.11,43.0,41.82,42.64,4004734.76218352
2025-01-31 05:00:00,42.81,42.81,41.68,41.71,2885330.58650017
2025-01-31 09:00:00,41.89,42.18,41.47,41.68,5625668.94595689
2025-01-31 13:00:00,41.6,42.03,41.28,41.79,3603256.18347558
2025-01-31 17:00:00,41.81,42.89,41.6,42.89,5213000.74717459
2025-01-31 21:00:00,42.83,43.88,42.69,43.73,15850347.2840193
2025-02-01 01:00:00,43.73,44.03,42.31,42.74,8684264.486462
2025-02-01 05:00:00,42.72,42.84,42.0,42.49,2666209.4462714
2025-02-01 09:00:00,42.43,43.39,42.14,43.09,4836320.42670198
2025-02-01 13:00:00,43.09,44.83,42.75,43.97,32496277.11949026
2025-02-01 17:00:00,44.07,46.9,42.83,43.27,183642072.4202735
2025-02-01 21:00:00,43.32,44.36,42.53,42.85,24933673.17620502
2025-02-02 01:00:00,42.8,43.03,41.94,42.05,12364922.70223127
2025-02-02 05:00:00,42.06,42.27,40.5,40.95,20711687.95505246
2025-02-02 09:00:00,40.95,41.49,39.62,39.71,23560152.44574381
2025-02-02 13:00:00,39.64,40.66,39.61,40.48,7543599.06699086
2025-02-02 17:00:00,40.37,41.01,39.6,39.78,5532715.89013465
2025-02-02 21:00:00,39.78,40.45,39.42,39.81,10105195.01129804
2025-02-03 01:00:00,39.66,39.7,36.1,37.36,22016512.43335844
2025-02-03 05:00:00,37.48,37.92,35.83,37.18,24717006.20897818
2025-02-03 09:00:00,37.3,37.3,31.24,33.11,59627227.08995503
2025-02-03 13:00:00,33.01,34.76,32.0,34.76,18868501.45802199
2025-02-03 17:00:00,34.62,34.79,33.15,33.75,19192306.18129813
2025-02-03 21:00:00,33.86,36.75,33.07,36.28,27005183.87317094
2025-02-04 01:00:00,36.37,37.5,35.94,37.28,11060249.18549194
2025-02-04 05:00:00,37.42,38.9,36.56,37.85,9080558.74568283
2025-02-04 09:00:00,37.85,38.55,35.88,36.39,14481976.10485161
2025-02-04 13:00:00,36.36,36.85,33.81,34.09,15851989.79561586
2025-02-04 17:00:00,34.01,35.69,33.89,34.89,7373404.28788278
2025-02-04 21:00:00,34.98,36.49,34.98,36.21,8262774.96023684
2025-02-05 01:00:00,36.0,37.74,35.85,36.19,5514003.59643868
2025-02-05 05:00:00,36.46,36.81,35.27,36.34,11055296.53546005
2025-02-05 09:00:00,36.34,36.64,35.5,36.2,8358330.04231214
2025-02-05 13:00:00,36.2,36.58,35.76,36.33,3183196.77386939
2025-02-05 17:00:00,36.23,36.56,35.88,36.25,3545577.56494831
2025-02-05 21:00:00,36.24,36.66,35.74,36.12,6375068.44643602
2025-02-06 01:00:00,36.21,36.28,35.18,36.16,2809856.93397302
2025-02-06 05:00:00,36.16,36.19,35.18,35.51,2443898.97906634
2025-02-06 09:00:00,35.66,35.89,35.27,35.44,2704817.03644595
2025-02-06 13:00:00,35.46,35.77,35.31,35.48,1537472.03130078
2025-02-06 17:00:00,35.48,35.64,34.81,35.14,4962874.73717537
2025-02-06 21:00:00,35.03,35.25,33.4,33.61,13143531.18269205
2025-02-07 01:00:00,33.7,34.56,33.45,33.93,3520977.70204054
2025-02-07 05:00:00,33.93,34.5,33.6,34.08,3112437.59128818
2025-02-07 09:00:00,34.08,34.67,33.66,34.47,5053779.76948366
2025-02-07 13:00:00,34.43,34.58,33.35,33.8,10954714.0569417
2025-02-07 17:00:00,33.7,34.63,33.54,34.63,2312406.76584376
2025-02-07 21:00:00,34.63,35.59,34.27,34.75,9846312.73751008
2025-02-08 01:00:00,34.64,34.87,33.8,34.11,2011409.97479766
2025-02-08 05:00:00,34.03,34.03,32.8,33.54,6190845.79490006
2025-02-08 09:00:00,33.51,33.96,33.25,33.42,3758359.61482434
2025-02-08 13:00:00,33.43,33.57,33.02,33.57,2885214.5831412
2025-02-08 17:00:00,33.47,33.47,33.15,33.3,1601128.71882054
2025-02-08 21:00:00,33.53,34.06,33.23,33.65,2384287.16177633
2025-02-09 01:00:00,33.79,34.6,33.62,34.38,1297076.77851678
2025-02-09 05:00:00,34.56,35.1,34.33,35.04,3697079.46467659
2025-02-09 09:00:00,35.04,35.71,34.87,35.48,6444563.94453815
2025-02-09 13:00:00,35.48,35.8,35.11,35.77,5487837.27037831
2025-02-09 17:00:00,35.75,35.8,35.35,35.35,5956810.25693896
2025-02-09 21:00:00,35.34,35.48,34.28,34.79,5850244.89193475
2025-02-10 01:00:00,34.78,35.06,34.41,34.41,4542454.31512756
2025-02-10 05:00:00,34.67,36.9,34.67,35.86,12953083.95516282
2025-02-10 09:00:00,35.86,36.21,34.39,35.0,9448258.25301474
2025-02-10 13:00:00,34.93,36.09,34.93,35.98,9841173.8337164
2025-02-10 17:00:00,36.09,36.3,35.21,35.21,6850834.90037995
2025-02-10 21:00:00,35.21,35.78,34.8,35.26,4835365.31070836
2025-02-11 01:00:00,35.09,35.44,35.0,35.14,2112494.78761424
2025-02-11 05:00:00,35.16,35.5,35.07,35.39,3572760.13748899
2025-02-11 09:00:00,35.27,35.99,35.17,35.52,5102883.32408823
2025-02-11 13:00:00,35.62,37.55,35.41,36.4,34263117.6951635
2025-02-11 17:00:00,36.51,36.65,36.25,36.59,10988531.55561899
2025-02-11 21:00:00,36.58,36.58,35.5,35.83,8182681.31766248
2025-02-12 01:00:00,35.84,35.99,34.5,34.5,5926330.2897041
2025-02-12 05:00:00,34.51,35.52,34.49,35.04,3101385.6031298
2025-02-12 09:00:00,35.17,35.5,34.72,35.22,6113718.91704874
2025-02-12 13:00:00,35.33,35.42,34.6,35.0,3345890.12714091
2025-02-12 17:00:00,34.83,35.46,34.83,35.1,4232545.17484771
2025-02-12 21:00:00,35.25,35.69,34.22,35.61,15799588.56915482
2025-02-13 01:00:00,35.45,36.8,35.4,36.11,4413719.96677914
2025-02-13 05:00:00,36.11,36.74,35.74,36.3,7319899.69393945
2025-02-13 09:00:00,36.38,36.49,35.94,36.19,4546944.3638628
2025-02-13 13:00:00,36.23,36.23,35.06,35.21,6162045.43235117
2025-02-13 17:00:00,35.14,35.27,34.68,34.9,4473307.02058864
2025-02-13 21:00:00,34.9,35.22,34.5,35.0,7192915.33297043
2025-02-14 01:00:00,34.88,35.24,34.51,34.85,2986817.57539531
2025-02-14 05:00:00,35.12,35.17,34.73,34.91,2158049.23487057
2025-02-14 09:00:00,35.1,35.29,34.8,35.29,2744052.22670807
2025-02-14 13:00:00,35.28,35.29,34.65,34.77,2750438.37610054
2025-02-14 17:00:00,34.65,35.5,34.65,34.8,3899159.42186078
2025-02-14 21:00:00,34.89,35.64,34.7,35.58,5545744.31845679
2025-02-15 01:00:00,35.64,36.08,35.41,35.66,2568045.24724181
2025-02-15 05:00:00,35.66,35.95,35.27,35.43,2034060.18724719
2025-02-15 09:00:00,35.42,35.77,35.05,35.62,2983627.05391419
2025-02-15 13:00:00,35.68,35.81,35.14,35.26,1845651.8785072
2025-02-15 17:00:00,35.22,35.4,34.53,34.95,3485317.28017424
2025-02-15 21:00:00,34.77,35.13,34.5,34.61,3964936.66059013
2025-02-16 01:00:00,34.6,34.72,34.23,34.47,4400477.17251299
2025-02-16 05:00:00,34.47,34.66,34.26,34.46,1962728.24559413
2025-02-16 09:00:00,34.44,34.67,33.8,34.11,3931206.94781209
2025-02-16 13:00:00,34.07,34.59,33.82,34.27,8810401.31730806
2025-02-16 17:00:00,34.28,37.55,34.28,35.74,85051682.57700132
2025-02-16 21:00:00,35.73,35.74,34.51,34.82,13797467.58693012
2025-02-17 01:00:00,34.7,34.85,34.14,34.46,3674203.06939227
2025-02-17 05:00:00,34.44,34.7,34.29,34.56,2301120.35503951
2025-02-17 09:00:00,34.44,34.87,34.26,34.65,10879985.63051379
2025-02-17 13:00:00,34.6,36.13,34.31,35.71,48693680.8687531
2025-02-17 17:00:00,35.71,36.16,35.26,35.66,34076711.70647665
2025-02-17 21:00:00,35.74,36.49,35.1,35.1,19992461.21878224
2025-02-18 01:00:00,35.27,35.32,34.22,34.57,8498143.01602064
2025-02-18 05:00:00,34.57,35.15,34.47,34.71,5395707.97166302
2025-02-18 09:00:00,34.54,36.3,34.18,35.78,40583377.73972469
2025-02-18 13:00:00,35.76,35.81,33.86,34.11,23292588.28253705
2025-02-18 17:00:00,34.11,34.21,33.15,33.53,10791765.89654548
2025-02-18 21:00:00,33.53,34.24,33.01,33.01,10253324.53380107
2025-02-19 01:00:00,33.01,33.31,32.64,33.09,6428058.23462369
2025-02-19 05:00:00,33.04,33.86,32.86,33.7,5232497.70197444
2025-02-19 09:00:00,33.7,33.84,33.18,33.36,9050618.99924873
2025-02-19 13:00:00,33.43,33.87,33.02,33.79,6452629.98984511
2025-02-19 17:00:00,33.79,34.49,33.64,34.3,5390388.23856415
2025-02-19 21:00:00,34.3,34.45,33.73,33.73,5749227.74749907
2025-02-20 01:00:00,33.73,34.21,33.72,34.02,359662.24254834
2025-02-20 05:00:00,34.12,34.2,33.75,33.88,2207325.74235765
2025-02-20 09:00:00,33.88,34.31,33.71,34.14,5929889.17518137
2025-02-20 13:00:00,34.1,34.26,33.78,33.89,3418566.90367055
2025-02-20 17:00:00,33.98,34.94,33.89,34.94,8751219.62171085
2025-02-20 21:00:00,34.95,35.52,34.77,34.87,21381222.49599503
2025-02-21 01:00:00,35.01,35.54,34.93,35.38,2504418.4302137
2025-02-21 05:00:00,35.38,35.7,35.38,35.58,4775557.31769686
2025-02-21 09:00:00,35.58,35.62,34.45,34.51,11076311.45715898
2025-02-21 13:00:00,34.61,35.27,34.58,35.2,5093503.48952454
2025-02-21 17:00:00,35.2,36.0,35.04,35.99,8528760.18602781
2025-02-21 21:00:00,35.9,36.37,34.59,34.96,10624181.3229629
2025-02-22 01:00:00,34.93,35.57,33.61,33.69,8486513.91127785
2025-02-22 05:00:00,33.69,34.47,33.6,34.18,5051526.50999479
2025-02-22 09:00:00,34.18,35.0,34.02,34.99,17660253.94099746
2025-02-22 13:00:00,34.99,35.35,34.0,34.67,13242287.84971224
2025-02-22 17:00:00,34.6,35.16,34.6,35.13,5991097.59466713
2025-02-22 21:00:00,35.13,35.33,34.9,35.22,4757581.54169857
2025-02-23 01:00:00,35.14,35.55,35.1,35.4,5265374.65036758
2025-02-23 05:00:00,35.26,35.41,35.1,35.36,1060174.03968417
2025-02-23 09:00:00,35.33,35.39,33.62,34.41,29719471.62379324
2025-02-23 13:00:00,34.41,34.99,34.39,34.95,6261933.69116664
2025-02-23 17:00:00,34.96,35.0,34.33,34.44,6752577.50280379
2025-02-23 21:00:00,34.39,34.49,33.7,33.94,14802604.12563866
2025-02-24 01:00:00,33.94,34.27,33.86,34.13,4855016.60808792
2025-02-24 05:00:00,34.13,34.27,33.88,34.11,4185556.20280775
2025-02-24 09:00:00,34.25,34.27,32.8,32.93,13574994.15683068
2025-02-24 13:00:00,32.84,33.15,32.42,33.0,9308973.0978459
2025-02-24 17:00:00,32.93,32.93,32.31,32.76,8833668.79651133
2025-02-24 21:00:00,32.75,33.02,31.65,31.86,9136452.06925593
2025-02-25 01:00:00,31.86,32.47,31.52,31.76,5019047.26590255
2025-02-25 05:00:00,31.89,32.12,30.45,30.72,22315135.34575858
2025-02-25 09:00:00,30.72,31.06,29.74,30.45,21193626.04658491
2025-02-25 13:00:00,30.45,30.54,28.28,29.14,26266873.70897383
2025-02-25 17:00:00,29.11,30.0,28.3,29.9,19474759.18000499
2025-02-25 21:00:00,29.9,30.29,29.22,30.1,10268487.27695365
2025-02-26 01:00:00,30.05,30.58,29.75,30.58,1719459.64472866
2025-02-26 05:00:00,30.58,31.46,30.44,30.76,5589865.55626687
2025-02-26 09:00:00,30.79,31.0,30.17,30.89,3303890.58903279
2025-02-26 13:00:00,30.82,30.97,30.33,30.49,2042658.12362043
2025-02-26 17:00:00,30.55,30.9,30.17,30.51,2116004.07114469
2025-02-26 21:00:00,30.5,30.86,29.5,30.63,8028654.84743322
2025-02-27 01:00:00,30.6,30.78,29.38,29.65,3596295.15880779
2025-02-27 05:00:00,29.68,30.86,29.43,30.44,4311668.37030467
2025-02-27 09:00:00,30.44,30.81,29.84,30.72,8161622.95592695
2025-02-27 13:00:00,30.72,31.6,30.42,31.45,7015283.81506364
2025-02-27 17:00:00,31.48,31.7,31.18,31.45,4618978.35853743
2025-02-27 21:00:00,31.56,31.67,30.7,31.16,7583274.31782768
2025-02-28 01:00:00,31.03,31.21,30.49,30.49,5510875.45233465
2025-02-28 05:00:00,30.53,30.86,30.05,30.86,1766331.31091194
2025-02-28 09:00:00,30.85,30.94,29.2,29.28,17815143.58430218
2025-02-28 13:00:00,29.2,29.49,28.81,29.25,19706204.07340721
2025-02-28 17:00:00,29.21,29.89,28.84,29.64,5303270.30955555
2025-02-28 21:00:00,29.63,31.26,29.47,30.81,7456675.59862067
2025-03-01 01:00:00,30.94,31.22,30.56,30.96,3666757.99787342
2025-03-01 05:00:00,31.15,31.15,30.69,30.85,1768576.1802796
2025-03-01 09:00:00,30.75,31.22,30.3,31.13,7019469.48534833
2025-03-01 13:00:00,31.02,31.32,30.39,30.47,7259175.5697039
2025-03-01 17:00:00,30.47,30.9,30.01,30.25,6100177.79890215
2025-03-01 21:00:00,30.15,30.9,29.85,30.2,10250123.65902925
2025-03-02 01:00:00,30.12,30.5,30.08,30.42,2408665.02875631
2025-03-02 05:00:00,30.33,30.99,30.27,30.8,3614399.03518311
2025-03-02 09:00:00,30.82,30.88,30.4,30.7,6483202.26489253
2025-03-02 13:00:00,30.67,30.76,30.35,30.44,3208986.13704131
2025-03-02 17:00:00,30.39,30.94,30.25,30.9,4433940.91913486
2025-03-02 21:00:00,30.9,31.66,30.23,31.12,11244740.67534593
2025-03-03 01:00:00,31.17,33.19,31.01,33.18,25156704.08306776
2025-03-03 05:00:00,33.18,34.2,33.14,34.13,12726031.39247184
2025-03-03 09:00:00,33.98,34.3,32.56,32.9,17497932.20213923
2025-03-03 13:00:00,32.88,33.11,31.62,32.27,7618038.13091468
2025-03-03 17:00:00,32.27,32.29,31.53,31.98,4904546.779155
2025-03-03 21:00:00,32.0,32.52,31.03,31.39,12866823.92688984
2025-03-04 01:00:00,31.32,31.47,29.51,29.86,10113910.91115284
2025-03-04 05:00:00,29.53,29.73,28.6,29.2,11370860.7641868
2025-03-04 09:00:00,29.32,29.8,27.32,28.34,21548342.46164825
2025-03-04 13:00:00,28.19,28.82,28.15,28.3,4757360.41313971
2025-03-04 17:00:00,28.27,28.62,28.09,28.42,3487371.62629064
2025-03-04 21:00:00,28.46,28.9,27.46,28.3,12126884.45836567
2025-03-05 01:00:00,28.47,29.0,27.02,28.91,6824748.32807491
2025-03-05 05:00:00,28.92,29.29,28.43,28.68,2860395.3134928
2025-03-05 09:00:00,28.68,28.88,28.3,28.3,4376852.58381808
2025-03-05 13:00:00,28.34,28.61,28.07,28.61,7747062.83308975
2025-03-05 17:00:00,28.64,29.33,28.64,28.97,3812181.40531786
2025-03-05 21:00:00,28.9,29.25,28.34,28.58,6000589.28899006
2025-03-06 01:00:00,28.53,29.2,28.2,29.06,4781428.9074796
2025-03-06 05:00:00,29.17,29.32,29.02,29.23,3989636.86279283
2025-03-06 09:00:00,29.27,29.56,28.95,29.47,7856155.2832802
2025-03-06 13:00:00,29.36,29.64,29.12,29.12,6599227.29691011
2025-03-06 17:00:00,29.12,29.3,28.99,29.3,6714750.96011032
2025-03-06 21:00:00,29.25,29.25,28.51,29.0,9158928.67168553
2025-03-07 01:00:00,28.86,29.03,28.16,28.35,2456542.35214171
2025-03-07 05:00:00,28.35,28.76,28.18,28.4,1769633.82507651
2025-03-07 09:00:00,28.39,28.59,27.22,28.29,11353120.50957488
2025-03-07 13:00:00,28.19,28.6,28.15,28.6,1126239.71196416
2025-03-07 17:00:00,28.51,28.89,28.31,28.55,1155134.34925899
2025-03-07 21:00:00,28.57,29.14,28.3,29.13,1562828.3634272
2025-03-08 01:00:00,28.87,29.18,28.28,28.8,1622394.03981673
2025-03-08 05:00:00,28.9,29.0,27.84,28.01,2937312.65235162
2025-03-08 09:00:00,27.91,28.17,27.48,27.92,3783949.5793726
2025-03-08 13:00:00,27.84,28.06,27.66,27.66,1835554.14700611
2025-03-08 17:00:00,27.65,27.89,27.41,27.41,1482801.49067237
2025-03-08 21:00:00,27.42,28.04,27.41,27.75,1668354.97335211
2025-03-09 01:00:00,27.75,28.32,27.46,28.18,1346762.75742363
2025-03-09 05:00:00,28.18,28.29,27.8,28.03,988052.41719356
2025-03-09 09:00:00,28.03,28.09,27.79,27.91,1150184.08066536
2025-03-09 13:00:00,27.76,27.95,27.58,27.77,2013853.49373093
2025-03-09 17:00:00,27.68,27.77,26.92,27.12,4564114.87415107
2025-03-09 21:00:00,27.17,27.17,26.49,26.6,4210408.25634188
2025-03-10 01:00:00,26.6,26.63,25.5,26.0,7894141.21344947
2025-03-10 05:00:00,25.99,26.12,25.21,25.68,8754283.66614359
2025-03-10 09:00:00,25.67,26.18,25.0,26.07,7878261.2101412
2025-03-10 13:00:00,25.82,26.3,25.82,26.28,2128822.49711307
2025-03-10 17:00:00,26.12,26.95,25.8,26.8,5977298.80302911
2025-03-10 21:00:00,26.71,27.1,25.69,26.18,10232236.22202165
2025-03-11 01:00:00,26.12,26.12,24.2,25.12,10334666.7693352
2025-03-11 05:00:00,25.12,25.19,24.49,24.49,4891288.72401256
2025-03-11 09:00:00,24.63,24.74,23.15,24.36,13770551.88275931
2025-03-11 13:00:00,24.36,24.9,24.32,24.78,6107168.90429027
2025-03-11 17:00:00,24.68,25.14,24.68,24.98,2344014.71757897
2025-03-11 21:00:00,24.99,25.4,24.1,25.12,7837311.88818546
2025-03-12 01:00:00,25.17,25.94,24.77,25.94,2188098.30488058
2025-03-12 05:00:00,25.86,25.92,25.3,25.34,1580006.48024211
2025-03-12 09:00:00,25.35,25.7,24.9,24.9,3108414.17009788
2025-03-12 13:00:00,24.9,25.35,24.62,25.35,3516225.00032847
2025-03-12 17:00:00,25.39,25.84,25.13,25.84,2131519.22124243
2025-03-12 21:00:00,25.83,26.37,25.12,25.28,6466393.34759848
2025-03-13 01:00:00,25.46,25.87,25.39,25.73,275501.00352022
2025-03-13 05:00:00,25.67,26.11,25.67,26.02,1286865.48271809
2025-03-13 09:00:00,26.07,26.13,25.58,25.73,2386123.05817808
2025-03-13 13:00:00,25.68,25.74,25.25,25.55,4247634.82595773
2025-03-13 17:00:00,25.52,26.03,25.25,25.87,5048198.92651374
2025-03-13 21:00:00,25.94,26.3,25.36,25.47,3802364.58799503
2025-03-14 01:00:00,25.41,25.42,24.92,25.06,3139301.15483277
2025-03-14 05:00:00,25.12,25.55,24.87,25.52,1355147.23374937
2025-03-14 09:00:00,25.46,25.84,25.46,25.81,3587158.19635197
2025-03-14 13:00:00,25.81,26.14,25.7,26.11,2373539.62978756
2025-03-14 17:00:00,26.14,26.46,26.07,26.23,4434157.55270087
2025-03-14 21:00:00,26.35,26.86,26.28,26.63,3336944.71838151
2025-03-15 01:00:00,26.62,26.78,26.22,26.22,1260968.58341726
2025-03-15 05:00:00,26.27,26.55,26.21,26.29,480695.38028119
2025-03-15 09:00:00,26.27,26.34,26.0,26.31,3886081.84570859
2025-03-15 13:00:00,26.3,26.5,26.23,26.48,2173037.52859483
2025-03-15 17:00:00,26.45,26.45,26.25,26.42,764673.64340792
2025-03-15 21:00:00,26.42,26.47,26.24,26.45,2145489.48888851
2025-03-16 01:00:00,26.42,26.66,26.35,26.5,550247.35908933
2025-03-16 05:00:00,26.49,26.68,26.34,26.55,651638.36825019
2025-03-16 09:00:00,26.45,26.62,26.17,26.48,2609071.59747251
2025-03-16 13:00:00,26.53,26.71,26.27,26.34,1082475.05563568
2025-03-16 17:00:00,26.29,26.47,25.73,25.73,3899449.0282845
2025-03-16 21:00:00,25.74,26.0,25.59,25.8,1159416.80180758
2025-03-17 01:00:00,25.99,26.37,25.5,25.58,2146545.67121676
2025-03-17 05:00:00,25.67,25.88,25.53,25.66,1396916.07193054
2025-03-17 09:00:00,25.78,26.25,25.66,26.09,2614946.41980229
2025-03-17 13:00:00,26.19,26.3,25.91,26.24,2017484.50218266
2025-03-17 17:00:00,26.3,26.45,26.1,26.31,4400314.79093607
2025-03-17 21:00:00,26.3,26.65,25.98,26.16,3666155.14390156
2025-03-18 01:00:00,26.16,26.57,26.11,26.31,1351997.83809777
2025-03-18 05:00:00,26.33,26.65,26.22,26.65,1430406.38516272
2025-03-18 09:00:00,26.63,26.63,25.93,25.94,8908349.29966388
2025-03-18 13:00:00,26.07,26.63,26.0,26.35,11726274.1899465
2025-03-18 17:00:00,26.35,26.61,26.11,26.3,5509299.5401269
2025-03-18 21:00:00,26.35,26.46,25.87,25.88,7329335.36946085
2025-03-19 01:00:00,25.85,26.04,25.68,25.8,2667651.32119869
2025-03-19 05:00:00,25.93,26.72,25.93,26.5,7109488.55274349
2025-03-19 09:00:00,26.55,26.85,26.38,26.85,7741180.65810632
2025-03-19 13:00:00,26.86,26.9,26.26,26.26,9135681.21009427
2025-03-19 17:00:00,26.26,26.96,26.22,26.93,5929175.73959406
2025-03-19 21:00:00,26.93,26.93,26.51,26.8,7111951.58065719
2025-03-20 01:00:00,26.84,27.04,26.45,26.82,2635762.34014391
2025-03-20 05:00:00,27.04,27.3,26.92,27.3,3301040.65001735
2025-03-20 09:00:00,27.3,27.45,26.86,26.98,5972764.31735175
2025-03-20 13:00:00,26.86,27.05,26.84,26.97,1535144.22779155
2025-03-20 17:00:00,26.97,27.23,26.59,26.74,2414774.63010669
2025-03-20 21:00:00,26.73,27.1,26.73,26.84,751545.37127943
2025-03-21 01:00:00,26.79,26.92,26.62,26.87,925524.19905418
2025-03-21 05:00:00,26.83,26.95,26.4,26.55,1864369.57113811
2025-03-21 09:00:00,26.42,26.62,26.3,26.4,2686393.13060124
2025-03-21 13:00:00,26.44,26.48,26.13,26.19,3168207.49645163
2025-03-21 17:00:00,26.17,26.35,25.8,25.9,3596696.52226954
2025-03-21 21:00:00,25.91,26.05,25.69,25.88,3391359.56057289
2025-03-22 01:00:00,25.82,25.89,25.62,25.7,1941853.49112063
2025-03-22 05:00:00,25.7,25.9,25.69,25.77,2478178.5973026
2025-03-22 09:00:00,25.77,26.71,25.77,25.91,30257018.83038853
2025-03-22 13:00:00,25.96,26.28,25.93,26.24,6334038.55806946
2025-03-22 17:00:00,26.24,26.29,26.1,26.29,3028500.68720845
2025-03-22 21:00:00,26.29,26.49,26.2,26.45,2594684.13167223
2025-03-23 01:00:00,26.45,27.0,26.39,26.88,1705387.65967754
2025-03-23 05:00:00,26.95,27.11,26.39,26.55,2912698.92327093
2025-03-23 09:00:00,26.61,26.63,26.38,26.51,3842872.47792854
2025-03-23 13:00:00,26.66,26.67,26.39,26.51,2951786.21987877
2025-03-23 17:00:00,26.51,26.68,26.36,26.52,1567301.57598561
2025-03-23 21:00:00,26.64,26.68,26.25,26.37,3200644.98875298
2025-03-24 01:00:00,26.25,26.36,25.97,26.09,1294760.0721018
2025-03-24 05:00:00,26.05,26.19,26.0,26.12,1112644.78291
2025-03-24 09:00:00,26.12,26.89,25.93,26.75,12206191.15620677
2025-03-24 13:00:00,26.67,36.3,26.67,35.15,1903518745.5601656
2025-03-24 17:00:00,35.15,35.17,31.95,32.75,934519473.3220452
2025-03-24 21:00:00,32.75,33.16,30.61,30.75,520877338.4936272
2025-03-25 01:00:00,30.73,31.6,30.7,31.28,94020185.79773104
2025-03-25 05:00:00,31.27,32.3,30.03,30.25,246388646.9107633
2025-03-25 09:00:00,30.28,31.77,29.96,30.38,598218911.2322439
2025-03-25 13:00:00,30.38,30.81,29.71,29.95,128361984.51550823
2025-03-25 17:00:00,29.95,30.21,29.71,30.01,44303562.59677269
2025-03-25 21:00:00,30.01,30.02,29.25,29.31,49983994.43602735
2025-03-26 01:00:00,29.33,29.7,29.15,29.67,16777081.06001666
2025-03-26 05:00:00,29.67,29.87,29.35,29.8,21529251.04122838
2025-03-26 09:00:00,29.79,29.9,29.28,29.64,34804243.43870699
2025-03-26 13:00:00,29.65,30.02,29.54,29.98,21123335.42167552
2025-03-26 17:00:00,29.98,30.05,29.63,29.94,15394443.00889896
2025-03-26 21:00:00,29.94,29.94,29.09,29.24,25083334.75244055
2025-03-27 01:00:00,29.24,29.32,28.5,28.72,11777529.38318614
2025-03-27 05:00:00,28.76,29.75,28.76,29.0,12693973.42958282
2025-03-27 09:00:00,29.0,29.5,28.81,29.5,11243745.46082572
2025-03-27 13:00:00,29.45,29.53,29.2,29.22,9907504.5926235
2025-03-27 17:00:00,29.24,29.37,28.96,29.03,10395019.2307119
2025-03-27 21:00:00,28.99,29.66,28.86,29.4,19519197.28537897
2025-03-28 01:00:00,29.4,29.54,28.94,29.17,2204550.98798785
2025-03-28 05:00:00,29.2,29.55,29.16,29.3,6075776.7883096
2025-03-28 09:00:00,29.3,29.34,28.38,28.46,15717474.48353878
2025-03-28 13:00:00,28.44,28.72,27.55,27.6,39243143.09292897
2025-03-28 17:00:00,27.62,28.04,27.6,27.97,4610708.75389593
2025-03-28 21:00:00,27.98,28.06,27.4,27.4,6143772.84026661
2025-03-29 01:00:00,27.4,27.55,27.15,27.34,4700578.11401695
2025-03-29 05:00:00,27.35,27.91,27.26,27.74,2100103.19653959
2025-03-29 09:00:00,27.76,27.92,27.13,27.51,4305746.72503694
2025-03-29 13:00:00,27.5,27.59,26.85,26.97,7031998.94480674
2025-03-29 17:00:00,26.97,27.35,26.89,27.07,5242660.96679212
2025-03-29 21:00:00,27.06,27.4,27.0,27.01,2661736.17090923
2025-03-30 01:00:00,27.03,27.38,26.88,27.07,2865199.23000235
2025-03-30 05:00:00,27.12,27.12,26.74,26.91,986169.49333826
2025-03-30 09:00:00,26.99,27.41,26.72,27.22,3879738.44214752
2025-03-30 13:00:00,27.23,27.45,27.14,27.35,2309008.12072891
2025-03-30 17:00:00,27.35,27.58,27.13,27.13,2500769.08438095
2025-03-30 21:00:00,27.18,27.19,26.54,26.89,5593670.58683792
2025-03-31 01:00:00,26.87,27.11,26.4,26.87,4721931.49202961
2025-03-31 05:00:00,26.87,27.05,26.39,26.54,2506652.64657375
2025-03-31 09:00:00,26.6,27.48,26.06,26.17,36710173.42243885
2025-03-31 13:00:00,26.2,26.44,25.63,25.68,10605213.84983419
2025-03-31 17:00:00,25.8,26.29,25.5,26.25,7722340.1438772
2025-03-31 21:00:00,26.25,26.6,25.8,26.5,4731857.79247026
2025-04-01 01:00:00,26.5,26.59,26.36,26.36,257477.33719198
2025-04-01 05:00:00,26.3,26.35,26.1,26.31,557362.9712492
2025-04-01 09:00:00,26.23,26.57,26.12,26.45,3182765.80737401
2025-04-01 13:00:00,26.39,26.6,26.34,26.43,1959447.87659783
2025-04-01 17:00:00,26.55,27.13,26.34,26.42,5030853.91430331
2025-04-01 21:00:00,26.43,27.1,26.16,27.1,5795911.10401331
2025-04-02 01:00:00,27.1,27.1,26.56,26.72,905648.13071287
2025-04-02 05:00:00,26.6,26.96,26.47,26.81,2885235.80885281
2025-04-02 09:00:00,26.75,26.75,25.35,25.83,16430792.30985806
2025-04-02 13:00:00,25.86,25.86,25.05,25.24,9443919.63757719
2025-04-02 17:00:00,25.17,25.79,25.11,25.49,6760693.81735742
2025-04-02 21:00:00,25.44,26.43,25.28,26.27,7622290.7769887
2025-04-03 01:00:00,26.27,26.46,25.69,26.02,2013993.72073602
2025-04-03 05:00:00,25.93,26.51,24.18,24.47,20988206.96361194
2025-04-03 09:00:00,24.5,25.27,24.47,24.98,3523717.51864433
2025-04-03 13:00:00,25.02,25.21,24.6,24.64,7836960.41709117
2025-04-03 17:00:00,24.68,24.8,24.12,24.28,5072090.11416358
2025-04-03 21:00:00,24.2,24.3,23.65,24.29,8813735.09262016
2025-04-04 01:00:00,24.25,24.7,24.15,24.57,684479.21314677
2025-04-04 05:00:00,24.63,25.08,24.63,25.01,4102755.91456195
2025-04-04 09:00:00,25.01,25.07,24.41,24.68,6573943.35132545
2025-04-04 13:00:00,24.73,25.09,24.59,25.05,3578103.35867687
2025-04-04 17:00:00,25.05,25.15,24.06,24.27,6739422.63001329
2025-04-04 21:00:00,24.27,25.03,24.27,24.68,6607795.93636976
2025-04-05 01:00:00,24.61,24.95,24.5,24.8,2960327.08491481
2025-04-05 05:00:00,24.74,24.86,24.65,24.85,496074.53238973
2025-04-05 09:00:00,24.85,25.01,24.74,24.74,2591397.28088019
2025-04-05 13:00:00,24.74,24.81,24.53,24.76,3610908.65274791
2025-04-05 17:00:00,24.76,24.82,24.5,24.6,4252237.1974781
2025-04-05 21:00:00,24.5,24.5,24.07,24.14,3360164.64886299
2025-04-06 01:00:00,24.14,24.33,24.06,24.15,1185739.93866793
2025-04-06 05:00:00,24.15,24.21,24.0,24.21,3791257.35635184
2025-04-06 09:00:00,24.16,24.29,24.03,24.21,5642798.72819195
2025-04-06 13:00:00,24.26,24.6,24.14,24.36,3194165.41740651
2025-04-06 17:00:00,24.36,24.58,24.29,24.41,3732326.45598509
2025-04-06 21:00:00,24.36,24.38,23.66,24.0,11976314.4673528
2025-04-07 01:00:00,23.86,23.87,22.58,22.87,12846869.19361474
2025-04-07 05:00:00,22.87,22.94,22.01,22.57,14891909.56381086
2025-04-07 09:00:00,22.55,23.2,22.04,22.11,17337163.32093678
2025-04-07 13:00:00,22.23,22.45,20.43,21.15,27256987.75483121
2025-04-07 17:00:00,21.15,22.15,21.09,21.48,10431756.55353262
2025-04-07 21:00:00,21.57,23.49,21.48,22.64,25126295.22417403
2025-04-08 01:00:00,22.51,22.8,22.19,22.37,2161174.63389728
2025-04-08 05:00:00,22.59,22.95,22.45,22.63,2043380.55345155
2025-04-08 09:00:00,22.54,23.05,22.37,22.65,10759412.86582015
2025-04-08 13:00:00,22.7,22.88,22.41,22.41,10310756.63074882
2025-04-08 17:00:00,22.55,23.2,22.39,23.19,10152485.88976565
2025-04-08 21:00:00,23.19,23.29,22.53,22.66,14771710.22024638
2025-04-09 01:00:00,22.71,22.71,21.77,21.98,7813058.16006764
2025-04-09 05:00:00,21.91,22.11,21.79,22.01,4430618.1804524
2025-04-09 09:00:00,22.01,22.62,21.2,22.52,36957459.03272553
2025-04-09 13:00:00,22.6,23.55,22.6,23.25,22443769.32566045
2025-04-09 17:00:00,23.24,23.25,22.5,22.66,17654011.91169357
2025-04-09 21:00:00,22.66,23.48,22.54,23.22,18294996.21207243
2025-04-10 01:00:00,23.22,24.0,22.96,23.75,14385037.08233419
2025-04-10 05:00:00,23.83,24.2,23.75,23.9,11720367.89356779
2025-04-10 09:00:00,23.9,24.1,23.51,23.8,13196800.15565732
2025-04-10 13:00:00,23.71,24.7,23.49,24.04,27519774.37634736
2025-04-10 17:00:00,24.05,24.25,23.85,23.95,6446115.06761089
2025-04-10 21:00:00,23.95,24.46,23.0,23.08,15393814.51597348
2025-04-11 01:00:00,23.0,23.65,22.98,23.65,6423664.50164087
2025-04-11 05:00:00,23.51,24.15,23.51,24.15,6444756.87216567
2025-04-11 09:00:00,24.13,24.41,23.94,24.36,10068780.123863
2025-04-11 13:00:00,24.35,24.36,23.92,24.18,8422758.65663205
2025-04-11 17:00:00,24.14,24.27,23.8,23.97,8565007.66724071
2025-04-11 21:00:00,23.98,24.35,23.86,24.05,4921002.12771153
2025-04-12 01:00:00,24.05,24.44,24.05,24.32,3591162.26554092
2025-04-12 05:00:00,24.27,24.39,24.1,24.31,3424607.42167714
2025-04-12 09:00:00,24.31,24.51,24.19,24.33,11139824.38721848
2025-04-12 13:00:00,24.31,24.54,24.14,24.41,3958550.4436012
2025-04-12 17:00:00,24.41,25.57,24.41,24.99,47135110.48530112
2025-04-12 21:00:00,24.99,25.33,24.76,25.28,13317640.80875242
2025-04-13 01:00:00,25.28,25.36,24.85,24.98,6617484.71859756
2025-04-13 05:00:00,24.91,25.2,24.91,25.08,5246017.11356056
2025-04-13 09:00:00,25.12,25.18,24.65,24.76,8391520.05362709
2025-04-13 13:00:00,24.71,24.84,24.29,24.67,6711269.92718785
2025-04-13 17:00:00,24.69,24.95,24.62,24.67,2590563.04132865
2025-04-13 21:00:00,24.78,24.85,24.23,24.67,9257255.8385574
2025-04-14 01:00:00,24.74,25.32,24.11,24.41,3521046.58575968
2025-04-14 05:00:00,24.39,24.57,24.0,24.25,5940732.42891793
2025-04-14 09:00:00,24.25,25.0,24.18,24.56,5599695.66153887
2025-04-14 13:00:00,24.56,24.66,23.93,24.2,5414508.16539222
2025-04-14 17:00:00,24.27,24.65,24.07,24.59,4281891.69886656
2025-04-14 21:00:00,24.57,24.62,23.88,23.9,5189388.23861143
2025-04-15 01:00:00,23.91,24.25,23.86,23.89,2291197.56332605
2025-04-15 05:00:00,24.0,24.07,23.75,23.9,4052588.69580846
2025-04-15 09:00:00,23.9,24.02,23.6,24.0,8422533.66913093
2025-04-15 13:00:00,24.0,24.19,23.85,24.18,4524594.81099598
2025-04-15 17:00:00,24.18,24.48,23.96,24.14,8651147.05782338
2025-04-15 21:00:00,24.14,24.42,23.8,24.22,6975746.99338998
2025-04-16 01:00:00,24.21,24.21,23.8,24.05,2015806.29385103
2025-04-16 05:00:00,24.01,24.16,23.79,24.16,3020239.35334113
2025-04-16 09:00:00,24.08,25.37,23.9,24.93,26572895.75259956
2025-04-16 13:00:00,24.93,25.37,24.47,24.6,20790134.26450776
2025-04-16 17:00:00,24.6,24.91,24.3,24.76,18121560.79396045
2025-04-16 21:00:00,24.76,25.1,24.38,24.71,19704809.86758667
2025-04-17 01:00:00,24.72,25.01,24.36,24.9,8614915.50239633
2025-04-17 05:00:00,24.9,25.11,24.68,25.01,9760946.53705422
2025-04-17 09:00:00,25.01,25.54,24.28,24.59,33498596.22755015
2025-04-17 13:00:00,24.52,24.89,24.22,24.51,9983587.80375169
2025-04-17 17:00:00,24.51,24.84,24.46,24.71,10019045.10702985
2025-04-17 21:00:00,24.7,25.07,24.61,24.93,14185634.87624325
2025-04-18 01:00:00,24.92,25.29,24.7,24.83,6484332.52810007
2025-04-18 05:00:00,24.84,24.96,24.54,24.91,10350886.89048351
2025-04-18 09:00:00,24.84,27.8,24.5,26.21,359647089.727629
2025-04-18 13:00:00,26.11,28.24,25.47,25.57,673597799.3020067
2025-04-18 17:00:00,25.6,26.36,25.49,26.36,89728609.67000203
2025-04-18 21:00:00,26.36,27.2,25.66,25.87,128747794.4802824
2025-04-19 01:00:00,25.9,26.37,25.88,25.95,12774186.20092599
2025-04-19 05:00:00,26.03,26.23,25.76,26.15,25175906.47030027
2025-04-19 09:00:00,26.15,28.75,25.94,26.77,460806807.5364872
2025-04-19 13:00:00,26.78,27.21,26.49,26.88,53000029.52359763
2025-04-19 17:00:00,26.9,27.83,26.73,26.9,86607500.27273105
2025-04-19 21:00:00,26.91,27.3,26.57,27.0,30720349.33643248
2025-04-20 01:00:00,27.0,27.23,26.82,26.99,9798926.5709923
2025-04-20 05:00:00,27.0,27.23,26.88,27.18,18084201.92323701
2025-04-20 09:00:00,27.18,27.18,26.51,26.83,48208789.36833726
2025-04-20 13:00:00,26.76,27.29,26.38,26.64,27591201.39440659
2025-04-20 17:00:00,26.64,26.83,26.03,26.28,24526514.67401998
2025-04-20 21:00:00,26.27,26.47,25.92,26.06,21841850.27219438
2025-04-21 01:00:00,26.02,26.93,26.02,26.88,13600800.16894759
2025-04-21 05:00:00,26.88,27.06,26.54,26.76,9563010.50126843
2025-04-21 09:00:00,26.76,27.15,26.55,26.64,20052908.82967009
2025-04-21 13:00:00,26.7,27.18,26.64,26.97,12649727.1173072
2025-04-21 17:00:00,27.01,27.2,26.83,27.0,18546269.15135781
2025-04-21 21:00:00,27.03,27.49,27.0,27.31,16474634.14598964
2025-04-22 01:00:00,27.26,27.44,26.62,27.07,6469841.75038677
2025-04-22 05:00:00,27.01,27.15,26.7,26.97,9026523.647636
2025-04-22 09:00:00,26.97,27.08,26.2,26.82,28974072.53138651
2025-04-22 13:00:00,26.82,26.91,25.91,26.48,20709943.76998052
2025-04-22 17:00:00,26.5,26.85,26.44,26.76,8988983.56474239
2025-04-22 21:00:00,26.75,27.5,26.68,27.18,24783527.60069759
2025-04-23 01:00:00,27.18,27.65,26.91,27.41,4883214.49105689
2025-04-23 05:00:00,27.48,28.4,27.43,28.24,23607962.21042729
2025-04-23 09:00:00,28.16,28.55,27.91,28.37,20940800.5357853
2025-04-23 13:00:00,28.38,28.46,28.18,28.36,10872400.08067657
2025-04-23 17:00:00,28.38,28.4,27.77,28.12,18784351.3771408
2025-04-23 21:00:00,28.12,28.41,27.57,27.99,21023779.77066985
2025-04-24 01:00:00,27.94,28.4,27.71,27.93,4337542.2766414
2025-04-24 05:00:00,27.96,28.15,27.81,28.15,7140004.25447432
2025-04-24 09:00:00,28.11,28.24,27.37,27.37,11813659.26112723
2025-04-24 13:00:00,27.37,28.09,27.23,27.61,10918810.28755958
2025-04-24 17:00:00,27.71,27.82,27.32,27.82,11176873.3257882
2025-04-24 21:00:00,27.82,28.34,27.69,28.1,6319652.64553805
2025-04-25 01:00:00,28.15,28.24,27.64,28.03,3447670.60741789
2025-04-25 05:00:00,28.09,28.4,27.91,28.32,5950426.79355866
2025-04-25 09:00:00,28.3,28.83,27.78,28.8,17600865.65548413
2025-04-25 13:00:00,28.77,29.2,28.5,28.73,35453717.13918968
2025-04-25 17:00:00,28.73,28.98,28.59,28.78,12126702.93039273
2025-04-25 21:00:00,28.78,28.95,28.29,28.8,8449662.38753359
2025-04-26 01:00:00,28.75,28.78,28.35,28.63,3567287.28783813
2025-04-26 05:00:00,28.68,29.1,28.58,28.85,5212514.99610175
2025-04-26 09:00:00,28.9,30.47,28.88,29.76,115813760.72159904
2025-04-26 13:00:00,29.73,29.74,29.19,29.23,10420700.83185508
2025-04-26 17:00:00,29.28,29.56,28.61,28.71,13628963.5297073
2025-04-26 21:00:00,28.8,29.28,28.47,29.2,11809200.67279973
2025-04-27 01:00:00,29.22,31.8,29.02,31.45,34921476.69548907
2025-04-27 05:00:00,31.45,31.95,30.23,30.64,55221667.86048074
2025-04-27 09:00:00,30.64,30.89,29.45,29.82,29257713.69254552
2025-04-27 13:00:00,29.83,29.99,29.26,29.76,13861569.63473955
2025-04-27 17:00:00,29.7,30.36,29.52,29.52,10087616.8476749
2025-04-27 21:00:00,29.51,29.69,28.95,29.05,15028254.62983183
2025-04-28 01:00:00,29.03,29.22,28.71,29.02,3309787.47518477
2025-04-28 05:00:00,29.12,29.21,28.71,28.75,5615498.27973117
2025-04-28 09:00:00,28.75,29.47,27.44,28.52,38800696.31809379
2025-04-28 13:00:00,28.55,29.07,28.44,28.98,9352135.57244798
2025-04-28 17:00:00,29.05,29.36,28.82,29.21,4488255.82885318
2025-04-28 21:00:00,29.19,29.26,28.34,28.5,8793813.99770726
2025-04-29 01:00:00,28.5,29.19,28.49,29.16,1336731.13605614
2025-04-29 05:00:00,29.06,29.28,28.88,29.09,2257543.62337839
2025-04-29 09:00:00,29.21,29.71,29.03,29.52,9382251.85984053
2025-04-29 13:00:00,29.4,29.64,29.08,29.54,12209389.52796142
2025-04-29 17:00:00,29.5,29.64,28.67,28.91,11213391.25493745
2025-04-29 21:00:00,28.91,29.27,28.61,29.13,7106572.88357742
2025-04-30 01:00:00,29.08,29.27,29.08,29.1,2304442.49187793
2025-04-30 05:00:00,29.09,29.17,28.43,29.09,9371924.51459513
2025-04-30 09:00:00,28.94,29.0,28.42,28.77,9967250.18972565
2025-04-30 13:00:00,28.84,28.95,28.35,28.53,4706884.19215419
2025-04-30 17:00:00,28.5,28.94,28.46,28.83,4806428.93268343
2025-04-30 21:00:00,28.85,28.89,27.57,28.25,16070881.96669166
2025-05-01 01:00:00,28.15,28.69,28.05,28.6,2599458.0096478
2025-05-01 05:00:00,28.77,28.88,28.51,28.52,5038002.0703098
2025-05-01 09:00:00,28.6,28.88,28.32,28.41,4724106.34134042
2025-05-01 13:00:00,28.33,28.82,28.3,28.73,3986643.77846706
2025-05-01 17:00:00,28.74,29.16,28.67,28.93,7637822.44947159
2025-05-01 21:00:00,28.84,29.11,28.66,28.74,6677258.49538983
2025-05-02 01:00:00,28.91,29.01,28.6,28.69,3819275.73699984
2025-05-02 05:00:00,28.66,29.0,28.66,28.83,1315208.23016987
2025-05-02 09:00:00,28.91,29.12,28.67,28.81,7291031.12478544
2025-05-02 13:00:00,28.92,28.92,28.03,28.1,10989901.529021
2025-05-02 17:00:00,28.03,28.31,27.98,28.04,3014534.82302286
2025-05-02 21:00:00,28.01,28.11,27.79,27.9,4884988.14506385
2025-05-03 01:00:00,28.07,28.14,27.83,27.89,5988942.18962816
2025-05-03 05:00:00,27.93,28.03,27.88,27.98,2177076.56483228
2025-05-03 09:00:00,27.98,27.99,27.65,27.85,4022547.76922496
2025-05-03 13:00:00,27.85,27.91,27.59,27.69,3819132.79554517
2025-05-03 17:00:00,27.59,27.89,27.47,27.5,10648713.08980425
2025-05-03 21:00:00,27.59,27.9,27.5,27.75,2617209.06990059
2025-05-04 01:00:00,27.68,27.69,26.0,26.5,16323645.19439721
2025-05-04 05:00:00,26.45,26.71,26.35,26.36,5977276.27154152
2025-05-04 09:00:00,26.36,27.19,26.1,27.05,39060287.55582812
2025-05-04 13:00:00,27.05,27.2,26.06,26.26,76119848.62252995
2025-05-04 17:00:00,26.23,26.23,25.58,25.94,19628228.69113249
2025-05-04 21:00:00,25.94,26.12,25.7,25.92,6004514.9947908
2025-05-05 01:00:00,25.92,25.93,25.65,25.78,2432911.92325915
2025-05-05 05:00:00,25.78,26.05,25.63,25.86,3342924.94115437
2025-05-05 09:00:00,25.85,26.23,25.64,26.04,12901768.95944592
2025-05-05 13:00:00,26.05,26.32,25.97,26.32,2083147.68718047
2025-05-05 17:00:00,26.26,26.35,25.66,25.75,5095679.48644099
2025-05-05 21:00:00,25.7,26.11,25.53,26.08,2926401.8795495
2025-05-06 01:00:00,26.12,26.63,25.97,26.02,10709347.7570551
2025-05-06 05:00:00,26.02,26.2,25.74,25.93,7250742.72434969
2025-05-06 09:00:00,26.04,26.14,25.72,26.05,3436117.62883154
2025-05-06 13:00:00,26.1,26.1,25.65,25.76,6634242.56175124
2025-05-06 17:00:00,25.66,25.73,24.53,24.61,13378105.55870042
2025-05-06 21:00:00,24.71,24.98,24.48,24.72,5527242.58748662
2025-05-07 01:00:00,24.67,25.11,24.59,24.95,3754766.4145813
2025-05-07 05:00:00,24.95,25.35,24.35,25.0,4241611.83159241
2025-05-07 09:00:00,25.01,25.2,24.56,24.78,6567479.45408224
2025-05-07 13:00:00,24.79,25.07,24.71,25.04,4236014.71755534
2025-05-07 17:00:00,24.99,25.26,24.85,25.06,3827495.67782993
2025-05-07 21:00:00,25.13,25.17,24.79,24.82,6760706.54894718
2025-05-08 01:00:00,24.86,25.0,24.55,24.65,3519460.50482203
2025-05-08 05:00:00,24.74,25.23,24.64,25.07,2431504.92619002
2025-05-08 09:00:00,25.06,25.96,25.02,25.89,8824371.39343135
2025-05-08 13:00:00,25.89,26.16,25.83,25.95,7462399.24794562
2025-05-08 17:00:00,26.05,26.29,26.04,26.06,3315779.14121946
2025-05-08 21:00:00,26.21,26.76,25.95,26.49,6452483.81632219
2025-05-09 01:00:00,26.56,26.78,26.46,26.77,9404093.80771694
2025-05-09 05:00:00,26.77,27.4,26.64,27.37,6964963.81778298
2025-05-09 09:00:00,27.3,27.98,27.22,27.37,20062670.75220085
2025-05-09 13:00:00,27.37,28.4,27.27,28.3,15488564.97666304
2025-05-09 17:00:00,28.3,28.75,27.68,28.4,19381858.0144403
2025-05-09 21:00:00,28.45,28.79,28.0,28.78,9760829.78279185
2025-05-10 01:00:00,28.78,29.18,28.42,28.99,5600265.63625792
2025-05-10 05:00:00,28.99,29.13,28.89,29.06,2094158.28474009
2025-05-10 09:00:00,28.99,29.8,28.86,29.01,17447737.9389832
2025-05-10 13:00:00,29.01,29.61,28.77,29.57,5019304.67408542
2025-05-10 17:00:00,29.56,29.68,28.73,28.83,10349827.0492654
2025-05-10 21:00:00,28.84,29.41,28.84,29.01,3333264.84130021
2025-05-11 01:00:00,29.0,29.53,29.0,29.42,2665812.87636242
2025-05-11 05:00:00,29.45,30.41,29.31,30.36,7953047.58434392
2025-05-11 09:00:00,30.39,30.54,29.58,30.54,18266932.35343647
2025-05-11 13:00:00,30.44,30.59,29.09,29.35,11250252.67553113
2025-05-11 17:00:00,29.45,30.1,29.34,30.05,4163609.75869743
2025-05-11 21:00:00,30.1,30.15,29.57,29.8,5780698.74404702
2025-05-12 01:00:00,29.65,30.21,29.44,29.95,3060241.19979599
2025-05-12 05:00:00,29.95,30.18,29.71,29.91,2874763.08292665
2025-05-12 09:00:00,29.91,30.34,29.55,30.34,7580028.25473985
2025-05-12 13:00:00,30.34,31.0,29.8,30.75,12778674.39993599
2025-05-12 17:00:00,30.78,30.83,30.02,30.08,7248216.6280345
2025-05-12 21:00:00,30.09,30.77,29.63,29.88,17983858.3039217
2025-05-13 01:00:00,30.0,30.41,28.9,29.8,4653535.09215148
2025-05-13 05:00:00,29.88,30.57,29.79,30.49,2482522.70325804
2025-05-13 09:00:00,30.5,30.5,28.81,28.88,15383405.54089908
2025-05-13 13:00:00,28.85,29.59,28.8,29.44,4739693.26679913
2025-05-13 17:00:00,29.4,29.84,29.31,29.63,3469098.01925427
2025-05-13 21:00:00,29.59,30.0,29.36,29.86,8289912.76528526
2025-05-14 01:00:00,29.82,30.67,29.82,30.66,2908043.37606648
2025-05-14 05:00:00,30.56,30.76,30.4,30.51,4736500.45575908
2025-05-14 09:00:00,30.49,30.77,30.13,30.47,11890379.86452995
2025-05-14 13:00:00,30.39,30.98,30.36,30.37,5536219.25869001
2025-05-14 17:00:00,30.37,30.4,29.4,30.1,10062764.35224039
2025-05-14 21:00:00,30.11,30.18,29.47,29.5,5683441.03303035
2025-05-15 01:00:00,29.61,29.74,28.96,29.08,6792325.7640484
2025-05-15 05:00:00,29.08,29.19,28.83,29.06,7661729.43806402
2025-05-15 09:00:00,29.06,29.22,28.4,28.54,7681209.84022025
2025-05-15 13:00:00,28.57,28.66,27.49,27.62,15849841.99235671
2025-05-15 17:00:00,27.56,28.03,27.47,27.96,6779324.79488596
2025-05-15 21:00:00,27.96,28.19,27.13,27.95,8438287.13634282
2025-05-16 01:00:00,28.07,28.39,27.37,27.68,2572043.63938968
2025-05-16 05:00:00,27.84,27.95,27.12,27.69,3060809.04679967
2025-05-16 09:00:00,27.76,28.13,27.5,28.02,5340350.79899221
2025-05-16 13:00:00,27.96,28.08,27.67,27.93,4264747.67015692
2025-05-16 17:00:00,27.93,28.06,27.42,27.89,4982980.08045603
2025-05-16 21:00:00,27.92,27.94,27.53,27.79,5344704.31158685
2025-05-17 01:00:00,27.83,27.95,27.41,27.59,1877827.82798763
2025-05-17 05:00:00,27.42,27.47,27.0,27.18,6555189.15971726
2025-05-17 09:00:00,27.11,27.21,26.32,26.87,11248870.97941904
2025-05-17 13:00:00,26.78,27.02,26.45,26.53,2995866.48746288
2025-05-17 17:00:00,26.54,26.9,26.38,26.76,7128090.90487238
2025-05-17 21:00:00,26.7,26.79,26.19,26.65,3123586.09821394
2025-05-18 01:00:00,26.59,26.74,26.22,26.42,1155747.33805379
2025-05-18 05:00:00,26.37,26.76,26.12,26.41,2570608.57470399
2025-05-18 09:00:00,26.38,26.59,26.32,26.39,2451247.82800904
2025-05-18 13:00:00,26.53,26.9,26.4,26.84,1846894.10332258
2025-05-18 17:00:00,26.88,27.1,26.84,26.84,2569445.80099493
2025-05-18 21:00:00,26.83,27.44,26.76,27.29,5504736.39337024
2025-05-19 01:00:00,27.39,27.39,26.13,26.13,6386295.95716046
2025-05-19 05:00:00,26.14,27.22,25.87,27.21,11566356.15890915
2025-05-19 09:00:00,27.13,27.24,26.04,26.12,8668237.3130411
2025-05-19 13:00:00,26.05,26.18,25.51,25.9,12783230.15515569
2025-05-19 17:00:00,25.9,25.9,25.4,25.71,3552442.67043304
2025-05-19 21:00:00,25.61,26.26,25.4,26.21,4848122.49053463
2025-05-20 01:00:00,26.09,26.51,25.92,26.12,3381759.33459892
2025-05-20 05:00:00,26.14,26.25,25.85,26.25,2200154.4618378
2025-05-20 09:00:00,26.21,26.67,26.09,26.38,6510575.944308
2025-05-20 13:00:00,26.41,26.64,26.27,26.27,2156624.24986009
2025-05-20 17:00:00,26.31,26.41,25.92,26.1,6652315.57799532
2025-05-20 21:00:00,26.09,26.46,25.88,26.43,3221417.49937312
2025-05-21 01:00:00,26.43,26.54,25.94,26.34,1601786.98100019
2025-05-21 05:00:00,26.3,26.66,26.3,26.65,2968656.09777904
2025-05-21 09:00:00,26.65,26.8,26.19,26.56,2258675.3028872
2025-05-21 13:00:00,26.62,27.0,26.31,26.42,3521718.50406413
2025-05-21 17:00:00,26.42,26.53,26.0,26.16,3308259.61582078
2025-05-21 21:00:00,26.12,26.44,25.94,26.27,7418002.57216404
2025-05-22 01:00:00,26.27,26.69,25.67,26.15,15875878.14454887
2025-05-22 05:00:00,26.26,26.4,25.92,26.16,3865378.52264047
2025-05-22 09:00:00,26.16,26.85,26.16,26.77,5334571.71070501
2025-05-22 13:00:00,26.77,26.94,26.63,26.84,5053255.90643076
2025-05-22 17:00:00,26.85,27.13,26.67,26.76,5340596.54033004
2025-05-22 21:00:00,26.73,27.3,26.51,27.16,4753678.49954567
2025-05-23 01:00:00,27.16,27.2,26.91,27.0,2515253.05581911
2025-05-23 05:00:00,27.16,27.16,26.88,27.05,3222833.9108985
2025-05-23 09:00:00,27.11,27.55,26.91,27.4,7019005.41813219
2025-05-23 13:00:00,27.48,27.51,26.65,26.66,8815725.67349572
2025-05-23 17:00:00,26.67,27.17,25.84,25.94,10256675.56278175
2025-05-23 21:00:00,25.96,26.27,25.41,25.84,16839126.29544714
2025-05-24 01:00:00,25.84,26.1,25.55,25.78,4291198.33342225
2025-05-24 05:00:00,25.78,25.78,25.1,25.18,6931469.80860489
2025-05-24 09:00:00,25.26,25.55,25.12,25.39,8057993.18017223
2025-05-24 13:00:00,25.38,25.51,25.25,25.37,1803095.77743182
2025-05-24 17:00:00,25.32,25.67,25.22,25.45,4711270.77400132
2025-05-24 21:00:00,25.45,25.47,25.26,25.3,3532330.57906574
2025-05-25 01:00:00,25.3,25.42,25.23,25.23,1198403.12714004
2025-05-25 05:00:00,25.29,25.4,25.11,25.15,2129140.6013126
2025-05-25 09:00:00,25.21,25.29,24.75,25.26,9166989.01786211
2025-05-25 13:00:00,25.26,25.26,24.86,25.0,3519436.01964136
2025-05-25 17:00:00,25.0,25.0,24.55,24.89,5468808.12199809
2025-05-25 21:00:00,24.88,25.06,24.73,24.98,1941568.24338531
2025-05-26 01:00:00,24.98,25.15,24.77,25.15,388395.08872473
2025-05-26 05:00:00,25.15,25.6,25.02,25.6,3244951.57712922
2025-05-26 09:00:00,25.6,25.65,25.28,25.37,2059354.82287902
2025-05-26 13:00:00,25.32,25.48,25.18,25.41,2978445.02246559
2025-05-26 17:00:00,25.42,25.44,25.01,25.05,4241743.25997965
2025-05-26 21:00:00,25.1,25.2,24.77,25.12,6921185.53067638
2025-05-27 01:00:00,25.12,25.14,24.78,24.94,1775200.60717345
2025-05-27 05:00:00,24.89,25.13,24.83,24.93,1240627.96968495
2025-05-27 09:00:00,24.94,25.09,24.58,25.02,5516641.33075431
2025-05-27 13:00:00,25.02,25.21,24.81,25.09,4234788.56104396
2025-05-27 17:00:00,25.13,25.29,25.03,25.07,7465373.14301195
2025-05-27 21:00:00,25.17,25.55,24.9,25.16,7527247.39312813
2025-05-28 01:00:00,25.23,25.44,24.98,25.07,2472489.1428711
2025-05-28 05:00:00,25.13,25.25,24.97,25.14,3208967.03267685
2025-05-28 09:00:00,25.11,25.33,25.03,25.3,3499626.38180026
2025-05-28 13:00:00,25.34,25.4,25.01,25.12,1037346.66511583
2025-05-28 17:00:00,25.15,25.19,24.8,25.09,3720759.48137792
2025-05-28 21:00:00,25.1,25.49,24.67,24.76,7542358.0173839
2025-05-29 01:00:00,24.76,24.99,24.43,24.51,3471439.1833021
2025-05-29 05:00:00,24.48,25.02,24.42,25.0,2846907.7271201
2025-05-29 09:00:00,25.0,25.46,24.9,25.3,3089821.54565276
2025-05-29 13:00:00,25.33,25.33,24.87,25.13,1594849.87275609
2025-05-29 17:00:00,25.04,25.27,24.9,24.99,1934036.38948895
2025-05-29 21:00:00,25.0,25.0,24.57,24.66,3486826.67362369
2025-05-30 01:00:00,24.65,24.76,24.4,24.4,3140190.97056169
2025-05-30 05:00:00,24.44,24.67,24.26,24.36,4970138.42023317
2025-05-30 09:00:00,24.3,24.46,23.23,23.97,12734012.35314515
2025-05-30 13:00:00,23.96,23.97,23.64,23.79,5864910.52391754
2025-05-30 17:00:00,23.77,23.94,23.45,23.73,5747870.33531307
2025-05-30 21:00:00,23.78,23.78,23.34,23.6,4900115.33744526
2025-05-31 01:00:00,23.56,23.67,23.01,23.42,3030695.94093579
2025-05-31 05:00:00,23.4,23.4,22.36,22.49,8394013.95674475
2025-05-31 09:00:00,22.54,22.77,22.04,22.58,9041322.2735994
2025-05-31 13:00:00,22.57,22.57,22.22,22.3,5374011.67139182
2025-05-31 17:00:00,22.35,22.41,22.02,22.32,5477881.60172946
2025-05-31 21:00:00,22.28,22.77,22.19,22.72,3793382.58594363
2025-06-01 01:00:00,22.66,22.75,22.57,22.62,1673957.23421604
2025-06-01 05:00:00,22.68,22.82,22.47,22.58,1518475.6297476
2025-06-01 09:00:00,22.63,22.67,22.32,22.58,2398281.40113504
2025-06-01 13:00:00,22.58,22.86,22.54,22.62,2290638.24695248
2025-06-01 17:00:00,22.62,22.62,22.18,22.39,3061853.34866265
2025-06-01 21:00:00,22.42,22.66,22.27,22.56,1396141.43743316
2025-06-02 01:00:00,22.58,22.76,22.27,22.48,1848182.87289563
2025-06-02 05:00:00,22.53,22.95,22.48,22.83,2118646.6479724
2025-06-02 09:00:00,22.85,23.05,22.5,22.62,4226870.04853803
2025-06-02 13:00:00,22.57,22.81,22.42,22.68,4028451.19229844
2025-06-02 17:00:00,22.75,23.05,22.75,22.93,6802665.17725189
2025-06-02 21:00:00,22.93,23.11,22.72,22.79,5915130.08829801
2025-06-03 01:00:00,22.87,23.11,22.72,22.82,1103528.86973232
2025-06-03 05:00:00,22.88,23.46,22.88,23.37,2781073.088018
2025-06-03 09:00:00,23.32,23.55,23.22,23.3,5923843.49338124
2025-06-03 13:00:00,23.26,23.41,23.18,23.33,2372374.81038511
2025-06-03 17:00:00,23.36,23.56,23.11,23.53,3832260.9313678
2025-06-03 21:00:00,23.52,23.85,23.45,23.69,2890375.57319951
2025-06-04 01:00:00,23.76,23.93,23.65,23.79,969789.88477974
2025-06-04 05:00:00,23.8,23.87,23.43,23.53,1824482.13715307
2025-06-04 09:00:00,23.54,23.91,23.5,23.84,2223307.08041668
2025-06-04 13:00:00,23.79,23.96,23.68,23.86,4748751.46570002
2025-06-04 17:00:00,23.86,24.0,23.66,23.66,4551498.31235961
2025-06-04 21:00:00,23.66,23.72,23.31,23.67,2940332.4994234
2025-06-05 01:00:00,23.67,23.67,23.31,23.31,1071101.49072582
2025-06-05 05:00:00,23.33,23.33,23.03,23.08,2458859.57607674
2025-06-05 09:00:00,23.03,23.12,22.83,23.11,4872253.90119045
2025-06-05 13:00:00,23.11,23.89,22.79,23.07,10943794.40023277
2025-06-05 17:00:00,23.13,23.19,22.9,22.97,3588209.15731336
2025-06-05 21:00:00,23.0,23.42,22.78,23.05,2872186.10491979
2025-06-06 01:00:00,23.1,23.1,22.09,22.33,4119100.08629985
2025-06-06 05:00:00,22.29,22.32,21.78,22.13,9488613.11461312
2025-06-06 09:00:00,22.13,22.23,21.87,22.23,9680702.54365549
2025-06-06 13:00:00,22.19,22.36,22.18,22.25,3657945.34471962
2025-06-06 17:00:00,22.25,22.42,22.21,22.33,1296740.14286568
2025-06-06 21:00:00,22.38,22.84,22.29,22.67,8908511.0725254
2025-06-07 01:00:00,22.67,22.7,22.01,22.11,3493545.45286941
2025-06-07 05:00:00,22.03,22.28,21.95,22.04,3157517.29900768
2025-06-07 09:00:00,21.99,22.41,21.94,22.37,2296771.74187668
2025-06-07 13:00:00,22.3,22.5,22.25,22.46,1333245.45575741
2025-06-07 17:00:00,22.42,22.45,22.23,22.31,1118991.80113784
2025-06-07 21:00:00,22.25,22.36,22.06,22.12,1619120.27650341
2025-06-08 01:00:00,22.19,22.25,22.06,22.2,460450.61074131
2025-06-08 05:00:00,22.38,22.54,22.32,22.48,1373713.55265529
2025-06-08 09:00:00,22.48,22.54,22.33,22.33,1454298.87571067
2025-06-08 13:00:00,22.33,22.39,22.0,22.05,3694550.57446287
2025-06-08 17:00:00,22.07,22.24,22.01,22.22,1939503.5474526
2025-06-08 21:00:00,22.29,22.46,22.2,22.36,1882364.15106641
2025-06-09 01:00:00,22.44,22.53,22.32,22.34,685751.02609297
2025-06-09 05:00:00,22.5,22.5,22.13,22.17,712829.34221442
2025-06-09 09:00:00,22.17,22.26,22.0,22.06,3291311.51695082
2025-06-09 13:00:00,22.06,22.15,21.94,22.05,1958568.71428406
2025-06-09 17:00:00,22.05,22.33,22.0,22.29,2495107.12446434
2025-06-09 21:00:00,22.29,22.36,22.07,22.18,3335123.71046025
2025-06-10 01:00:00,22.18,22.31,22.17,22.23,2084092.38191683
2025-06-10 05:00:00,22.23,22.77,22.19,22.77,7281544.66125968
2025-06-10 09:00:00,22.77,22.87,22.69,22.73,6023758.96522365
2025-06-10 13:00:00,22.78,22.85,22.58,22.68,3206831.8798957
2025-06-10 17:00:00,22.68,23.19,22.64,23.15,6604061.22984286
2025-06-10 21:00:00,23.2,23.7,23.05,23.22,14568994.95772399
2025-06-11 01:00:00,23.18,23.56,23.16,23.44,2130089.25309158
2025-06-11 05:00:00,23.4,23.57,23.32,23.43,1202574.8272285
2025-06-11 09:00:00,23.44,23.58,23.12,23.44,4054180.95143285
2025-06-11 13:00:00,23.45,23.56,23.42,23.53,1833895.49588293
2025-06-11 17:00:00,23.45,23.53,22.99,23.03,3418108.73987286
2025-06-11 21:00:00,23.17,23.57,23.01,23.52,4750948.63292241
2025-06-12 01:00:00,23.51,23.6,23.11,23.18,1262513.4987511
2025-06-12 05:00:00,23.11,23.26,22.67,22.99,2699475.61832293
2025-06-12 09:00:00,22.96,22.96,22.58,22.58,3886848.0341908
2025-06-12 13:00:00,22.58,22.68,22.47,22.57,2116841.29323768
2025-06-12 17:00:00,22.51,22.57,22.26,22.33,3358869.60588196
2025-06-12 21:00:00,22.26,23.4,22.18,22.32,4271532.15202885
2025-06-13 01:00:00,22.33,22.65,22.05,22.15,2624678.71154827
2025-06-13 05:00:00,22.18,22.18,21.84,21.87,6258957.10937469
2025-06-13 09:00:00,21.95,21.95,20.6,21.17,25068207.99581949
2025-06-13 13:00:00,21.17,21.17,20.76,20.95,3355449.16082798
2025-06-13 17:00:00,20.95,21.17,20.85,21.06,5145254.31672745
2025-06-13 21:00:00,21.1,21.27,20.86,21.25,2359053.04583442
2025-06-14 01:00:00,21.25,21.33,20.91,20.97,1201002.71716436
2025-06-14 05:00:00,21.03,21.45,21.03,21.45,735597.9315711
2025-06-14 09:00:00,21.45,21.47,21.21,21.33,1579153.44065265
2025-06-14 13:00:00,21.41,21.48,21.27,21.34,422026.79953159
2025-06-14 17:00:00,21.34,21.35,21.25,21.29,500774.96123533
2025-06-14 21:00:00,21.29,21.43,21.16,21.22,735573.81534896
2025-06-15 01:00:00,21.18,21.19,20.9,21.09,1619432.8367239
2025-06-15 05:00:00,21.01,21.44,20.94,21.44,576646.27339605
2025-06-15 09:00:00,21.36,21.43,21.25,21.25,756921.84793975
2025-06-15 13:00:00,21.25,21.38,21.14,21.38,2406540.89490952
2025-06-15 17:00:00,21.32,21.71,21.22,21.61,7696992.42463028
2025-06-15 21:00:00,21.63,22.16,21.4,21.4,16662836.36008755
2025-06-16 01:00:00,21.41,21.42,21.18,21.24,1340387.9939894
2025-06-16 05:00:00,21.24,21.24,20.94,21.18,3427468.1499768
2025-06-16 09:00:00,21.19,21.37,20.98,21.25,6077908.71866848
2025-06-16 13:00:00,21.14,21.42,21.12,21.41,2482227.79798574
2025-06-16 17:00:00,21.41,21.57,21.3,21.4,5714109.61569826
2025-06-16 21:00:00,21.33,21.64,21.28,21.49,5388948.36185229
2025-06-17 01:00:00,21.46,21.54,21.38,21.45,582532.52836778
2025-06-17 05:00:00,21.4,21.51,20.73,20.73,7138265.28123997
2025-06-17 09:00:00,20.75,21.0,20.58,20.91,5330545.61719675
2025-06-17 13:00:00,20.92,20.93,20.71,20.73,2404282.1191086
2025-06-17 17:00:00,20.73,20.78,20.5,20.59,4132862.98780794
2025-06-17 21:00:00,20.62,20.7,20.17,20.32,4406618.47687187
2025-06-18 01:00:00,20.32,20.57,20.05,20.49,2139808.44000108
2025-06-18 05:00:00,20.37,20.47,20.0,20.12,10749159.5186003
2025-06-18 09:00:00,20.12,20.35,20.07,20.17,2594131.90630197
2025-06-18 13:00:00,20.17,20.39,20.13,20.18,1479995.65370299
2025-06-18 17:00:00,20.32,20.32,19.87,20.05,3632804.01529476
2025-06-18 21:00:00,20.05,20.11,19.51,20.07,8120684.48019616
2025-06-19 01:00:00,19.96,20.24,19.83,20.0,802108.80203446
2025-06-19 05:00:00,19.95,20.37,19.89,20.26,999493.53269414
2025-06-19 09:00:00,20.26,20.45,20.17,20.21,2013913.75752866
2025-06-19 13:00:00,20.26,20.31,20.05,20.08,2195187.46525325
2025-06-19 17:00:00,20.07,20.26,20.05,20.05,812398.00852547
2025-06-19 21:00:00,20.09,20.22,19.88,20.03,3970132.23735851
2025-06-20 01:00:00,20.04,20.65,20.0,20.56,3711204.21518536
2025-06-20 05:00:00,20.57,21.19,20.51,20.91,11475778.19415365
2025-06-20 09:00:00,20.86,21.7,20.85,21.48,32411842.66824992
2025-06-20 13:00:00,21.48,21.6,20.68,21.02,19982576.36608264
2025-06-20 17:00:00,20.98,21.15,20.82,21.0,7122931.87577054
2025-06-20 21:00:00,21.0,21.03,20.44,20.44,8536687.45233683
2025-06-21 01:00:00,20.44,20.45,19.8,20.26,5980067.63719742
2025-06-21 05:00:00,20.27,20.41,19.9,20.06,5689614.19649833
2025-06-21 09:00:00,20.08,20.42,20.01,20.41,5601812.23642023
2025-06-21 13:00:00,20.35,20.42,20.18,20.24,2499100.3787067
2025-06-21 17:00:00,20.24,20.32,20.1,20.18,1208939.13871352
2025-06-21 21:00:00,20.19,20.19,19.58,19.78,4338988.10188229
2025-06-22 01:00:00,19.79,19.89,19.2,19.21,5148620.75602059
2025-06-22 05:00:00,19.2,19.24,18.52,18.93,12578451.42524294
2025-06-22 09:00:00,18.93,19.21,18.63,18.73,9302559.12705412
2025-06-22 13:00:00,18.82,19.06,18.72,18.85,3845387.54541045
2025-06-22 17:00:00,18.85,18.88,18.52,18.69,3514558.30406428
2025-06-22 21:00:00,18.75,18.83,17.92,17.92,19655599.4726554
2025-06-23 01:00:00,17.91,18.07,17.71,17.85,3956883.91960237
2025-06-23 05:00:00,17.79,18.16,17.36,18.1,6844734.66083867
2025-06-23 09:00:00,18.09,18.27,17.92,17.99,6324928.77204172
2025-06-23 13:00:00,18.06,18.25,18.02,18.16,5376286.00795618
2025-06-23 17:00:00,18.22,18.27,18.07,18.21,4364252.35830216
2025-06-23 21:00:00,18.2,18.69,18.1,18.25,5410407.48366811
2025-06-24 01:00:00,18.27,18.88,18.03,18.8,4065024.44848701
2025-06-24 05:00:00,18.83,19.74,18.79,19.71,8188538.59965952
2025-06-24 09:00:00,19.65,19.81,19.6,19.69,4673798.55844912
2025-06-24 13:00:00,19.68,20.02,19.68,19.85,5077878.71786997
2025-06-24 17:00:00,19.73,19.86,19.62,19.69,4933427.84778365
2025-06-24 21:00:00,19.7,19.8,19.56,19.59,5973885.58884546
2025-06-25 01:00:00,19.56,19.89,19.54,19.67,1080083.37441613
2025-06-25 05:00:00,19.72,19.86,19.6,19.84,1072579.76762637
2025-06-25 09:00:00,19.84,19.96,19.59,19.68,4142274.72962102
2025-06-25 13:00:00,19.59,19.74,19.52,19.63,4603475.21983594
2025-06-25 17:00:00,19.7,19.7,19.38,19.59,3305799.00846047
2025-06-25 21:00:00,19.55,19.79,19.29,19.35,4389348.3626672
2025-06-26 01:00:00,19.29,19.38,19.2,19.37,577045.33370081
2025-06-26 05:00:00,19.38,19.41,19.16,19.24,1034157.80465929
2025-06-26 09:00:00,19.24,19.62,19.15,19.4,2917261.07459967
2025-06-26 13:00:00,19.4,19.58,19.17,19.43,5154039.40954983
2025-06-26 17:00:00,19.43,19.45,19.12,19.14,5398583.94997672
2025-06-26 21:00:00,19.13,19.13,18.5,18.76,13685504.5481737
2025-06-27 01:00:00,18.72,19.19,18.61,18.94,2673092.4287343
2025-06-27 05:00:00,19.08,19.26,18.88,18.91,1947073.4415561
2025-06-27 09:00:00,18.87,19.08,18.57,19.0,5631463.82321246
2025-06-27 13:00:00,19.0,19.08,18.84,18.89,3784023.75152492
2025-06-27 17:00:00,18.89,18.98,18.84,18.88,783423.00226967
2025-06-27 21:00:00,18.96,19.21,18.79,19.15,2306158.11330529
2025-06-28 01:00:00,19.15,19.3,18.92,18.94,880051.87247686
2025-06-28 05:00:00,19.07,19.13,18.94,18.96,555773.55638848
2025-06-28 09:00:00,18.96,19.06,18.91,18.94,481393.14440832
2025-06-28 13:00:00,18.94,18.97,18.81,18.89,1260838.40012479
2025-06-28 17:00:00,18.85,18.93,18.78,18.92,811399.00965763
2025-06-28 21:00:00,18.93,19.21,18.93,19.2,639730.3395131
2025-06-29 01:00:00,19.2,19.27,19.17,19.17,436934.285459
2025-06-29 05:00:00,19.19,19.34,19.18,19.31,638074.21736463
2025-06-29 09:00:00,19.29,19.33,19.14,19.17,1188506.50711539
2025-06-29 13:00:00,19.13,19.32,19.13,19.28,774760.16422058
2025-06-29 17:00:00,19.28,19.36,19.2,19.21,1381811.95643344
2025-06-29 21:00:00,19.21,19.35,19.01,19.05,1234922.17510489
2025-06-30 01:00:00,19.06,19.26,19.06,19.26,121213.003305
2025-06-30 05:00:00,19.26,19.82,19.21,19.64,4304859.76016162
2025-06-30 09:00:00,19.64,19.82,19.39,19.43,4049557.03062096
2025-06-30 13:00:00,19.46,19.47,19.08,19.27,1150268.10769071
2025-06-30 17:00:00,19.34,19.35,18.92,19.0,2064373.02271438
2025-06-30 21:00:00,18.97,19.18,18.78,19.01,5528038.61122995
2025-07-01 01:00:00,19.01,19.09,18.98,19.09,65439.72916952
2025-07-01 05:00:00,19.06,19.06,18.82,18.83,1842243.80747813
2025-07-01 09:00:00,18.86,18.88,18.65,18.7,2700934.50677265
2025-07-01 13:00:00,18.66,18.75,18.5,18.75,5932827.81885042
2025-07-01 17:00:00,18.7,18.88,18.65,18.7,1681345.03366749
2025-07-01 21:00:00,18.7,18.97,18.7,18.81,2092464.72360644
2025-07-02 01:00:00,18.77,19.28,18.41,18.51,8585312.63010544
2025-07-02 05:00:00,18.49,18.72,18.47,18.6,1097962.11356015
2025-07-02 09:00:00,18.6,18.83,18.5,18.69,2332032.9298172
2025-07-02 13:00:00,18.74,19.15,18.69,18.86,5015724.79908321
2025-07-02 17:00:00,18.92,19.16,18.83,18.96,6383531.06614548
2025-07-02 21:00:00,19.01,19.45,18.94,19.36,5222281.71423374
2025-07-03 01:00:00,19.38,20.01,19.38,19.85,6207350.38758736
2025-07-03 05:00:00,19.87,19.92,19.49,19.6,2832519.93395614
2025-07-03 09:00:00,19.6,21.2,19.55,20.13,113959750.94017524
2025-07-03 13:00:00,20.09,21.0,19.92,20.09,135734783.98958352
2025-07-03 17:00:00,20.16,20.17,19.79,19.94,27605206.84881138
2025-07-03 21:00:00,19.95,20.16,19.65,19.67,27590035.80753819
2025-07-04 01:00:00,19.68,20.04,19.68,19.99,3697535.29653127
2025-07-04 05:00:00,19.99,20.03,19.89,19.95,4133137.62512117
2025-07-04 09:00:00,19.95,20.3,19.69,19.91,18064377.51680921
2025-07-04 13:00:00,19.85,20.01,19.36,19.37,18303360.3252954
2025-07-04 17:00:00,19.41,19.68,19.34,19.54,6968316.17291029
2025-07-04 21:00:00,19.54,19.68,19.27,19.27,7320112.95404876
2025-07-05 01:00:00,19.31,19.32,19.08,19.28,2507039.56846839
2025-07-05 05:00:00,19.23,19.48,19.17,19.41,1388671.41670712
2025-07-05 09:00:00,19.41,20.09,19.38,19.47,25751054.1020981
2025-07-05 13:00:00,19.45,19.59,19.32,19.48,1389778.46166433
2025-07-05 17:00:00,19.5,19.58,19.37,19.58,1867515.72179025
2025-07-05 21:00:00,19.52,19.52,19.2,19.24,4133762.66934535
2025-07-06 01:00:00,19.22,19.3,19.1,19.16,1773347.61042955
2025-07-06 05:00:00,19.15,19.4,19.15,19.3,660743.76165483
2025-07-06 09:00:00,19.37,19.37,19.01,19.04,5665086.00102384
2025-07-06 13:00:00,19.02,19.15,18.96,19.08,3066628.40552601
2025-07-06 17:00:00,19.08,19.11,18.93,19.07,3325968.00947901
2025-07-06 21:00:00,19.07,19.38,19.04,19.34,3890987.89223875
2025-07-07 01:00:00,19.38,19.38,19.14,19.25,1176858.75873828
2025-07-07 05:00:00,19.31,19.53,19.25,19.29,3169474.46800094
2025-07-07 09:00:00,19.31,19.45,19.17,19.35,3178267.89506722
2025-07-07 13:00:00,19.35,19.44,19.11,19.39,2037026.14940011
2025-07-07 17:00:00,19.37,19.43,19.25,19.27,2072315.21727549
2025-07-07 21:00:00,19.31,19.41,19.2,19.23,3258683.4348219
2025-07-08 01:00:00,19.23,19.4,19.09,19.25,1190923.05701217
2025-07-08 05:00:00,19.23,19.32,19.03,19.32,1165021.17665504
2025-07-08 09:00:00,19.34,19.34,19.02,19.02,5097779.54769947
2025-07-08 13:00:00,19.03,19.16,18.99,19.16,2682805.90957237
2025-07-08 17:00:00,19.16,19.34,19.12,19.25,3326657.64102927
2025-07-08 21:00:00,19.24,19.4,19.15,19.25,2107403.45364714
2025-07-09 01:00:00,19.25,19.56,19.25,19.56,1205186.08712092
2025-07-09 05:00:00,19.53,19.56,19.42,19.54,1423943.45110568
2025-07-09 09:00:00,19.55,19.58,19.36,19.53,2949401.0699111
2025-07-09 13:00:00,19.49,19.79,19.49,19.79,1879515.91118789
2025-07-09 17:00:00,19.78,19.85,19.69,19.79,3194111.22986595
2025-07-09 21:00:00,19.8,20.01,19.7,19.78,4875974.91915017
2025-07-10 01:00:00,19.85,20.07,19.85,20.06,1334900.49072195
2025-07-10 05:00:00,20.06,20.27,19.98,20.13,5786951.94760447
2025-07-10 09:00:00,20.13,20.31,20.01,20.22,8065368.39340589
2025-07-10 13:00:00,20.21,20.32,20.13,20.26,2458041.92209067
2025-07-10 17:00:00,20.19,20.39,20.04,20.19,6964783.4113816
2025-07-10 21:00:00,20.16,20.22,20.05,20.1,4141065.21784831
2025-07-11 01:00:00,20.1,20.6,20.09,20.44,3514655.9375569
2025-07-11 05:00:00,20.47,21.3,20.47,21.21,9402544.70084775
2025-07-11 09:00:00,21.22,21.55,20.79,21.55,14568946.83617289
2025-07-11 13:00:00,21.5,22.05,21.23,21.41,19202683.1793892
2025-07-11 17:00:00,21.44,21.98,21.44,21.86,11254426.73160691
2025-07-11 21:00:00,21.89,22.22,21.6,21.65,10129518.27281107
2025-07-12 01:00:00,21.65,21.99,21.53,21.93,2732674.7439397
2025-07-12 05:00:00,21.92,21.99,20.93,21.31,9114360.96643359
2025-07-12 09:00:00,21.31,22.1,21.1,21.88,18860195.54466186
2025-07-12 13:00:00,21.9,23.84,21.6,23.18,257847256.1076727
2025-07-12 17:00:00,23.18,23.8,22.44,22.8,89430404.89719923
2025-07-12 21:00:00,22.8,22.8,21.89,21.99,30728241.35492887
2025-07-13 01:00:00,22.0,22.6,21.93,22.48,4536684.50273437
2025-07-13 05:00:00,22.43,23.14,22.11,22.7,14389539.01496711
2025-07-13 09:00:00,22.7,22.7,22.27,22.44,15407255.64654745
2025-07-13 13:00:00,22.44,22.86,22.35,22.72,13384470.16275317
2025-07-13 17:00:00,22.72,22.74,22.29,22.59,10570076.27612433
2025-07-13 21:00:00,22.59,23.12,22.52,23.0,14553638.98465518
2025-07-14 01:00:00,23.07,23.17,22.76,22.97,2454318.07693406
2025-07-14 05:00:00,22.93,22.98,22.49,22.87,9181096.08295988
2025-07-14 09:00:00,22.8,23.4,22.62,23.39,13096403.44888947
2025-07-14 13:00:00,23.4,23.72,23.08,23.45,18066903.83541098
2025-07-14 17:00:00,23.45,23.45,23.0,23.14,7299677.34654186
2025-07-14 21:00:00,23.07,23.32,22.61,22.75,8947874.92325476
2025-07-15 01:00:00,22.73,22.97,22.5,22.63,4168289.33674844
2025-07-15 05:00:00,22.62,22.94,22.44,22.88,9636044.06440253
2025-07-15 09:00:00,22.87,22.93,22.0,22.18,16143432.32769227
2025-07-15 13:00:00,22.13,22.6,22.0,22.48,5331158.25220164
2025-07-15 17:00:00,22.4,22.56,22.18,22.46,2481910.36617505
2025-07-15 21:00:00,22.46,22.93,22.28,22.84,5195576.67711877
2025-07-16 01:00:00,22.84,23.62,22.84,23.26,4565179.47551455
2025-07-16 05:00:00,23.25,23.94,23.24,23.91,8473437.54127778
2025-07-16 09:00:00,23.87,24.0,23.34,23.59,12247408.59166337
2025-07-16 13:00:00,23.66,23.81,23.46,23.76,2733307.19809577
2025-07-16 17:00:00,23.78,23.82,23.6,23.68,3551639.77249825
2025-07-16 21:00:00,23.67,23.92,23.46,23.71,8395007.98663245
2025-07-17 01:00:00,23.8,23.99,23.7,23.8,2700346.93190355
2025-07-17 05:00:00,23.8,24.18,23.64,23.78,8428299.94322122
2025-07-17 09:00:00,23.74,24.15,23.36,23.56,11292372.04911888
2025-07-17 13:00:00,23.53,24.0,23.48,23.78,3155836.66491847
2025-07-17 17:00:00,23.89,24.19,23.78,23.85,7528022.27210445
2025-07-17 21:00:00,23.89,23.95,23.44,23.73,7902382.33470953
2025-07-18 01:00:00,23.73,23.73,23.12,23.25,5135430.54748044
2025-07-18 05:00:00,23.24,23.96,22.99,23.79,10705524.84232869
2025-07-18 09:00:00,23.79,24.66,23.75,24.5,16856575.4674021
2025-07-18 13:00:00,24.5,25.04,24.02,24.11,19133650.62908249
2025-07-18 17:00:00,24.04,24.87,24.0,24.72,17202626.5553973
2025-07-18 21:00:00,24.72,25.04,24.11,24.29,16489320.56254839
2025-07-19 01:00:00,24.35,24.76,24.17,24.34,5438813.22854956
2025-07-19 05:00:00,24.4,24.48,23.91,24.46,8746573.36956584
2025-07-19 09:00:00,24.35,24.43,23.67,24.33,13903324.94559021
2025-07-19 13:00:00,24.33,24.54,24.16,24.26,7361223.77603147
2025-07-19 17:00:00,24.24,24.34,23.96,24.0,4664592.66921292
2025-07-19 21:00:00,23.96,24.03,23.57,23.84,7457627.3612715
2025-07-20 01:00:00,23.84,24.41,23.74,24.32,2034069.01725527
2025-07-20 05:00:00,24.32,24.63,24.23,24.62,4769761.52567287
2025-07-20 09:00:00,24.62,24.95,24.47,24.81,10673245.58450519
2025-07-20 13:00:00,24.82,25.17,24.72,25.09,7782024.38452974
2025-07-20 17:00:00,25.09,25.72,25.0,25.57,18168077.63903964
2025-07-20 21:00:00,25.6,25.7,25.26,25.66,8966927.36025375
2025-07-21 01:00:00,25.69,25.93,25.54,25.75,9901272.22127444
2025-07-21 05:00:00,25.66,25.87,25.07,25.68,9620910.67295666
2025-07-21 09:00:00,25.66,26.0,25.23,25.98,16833234.86469403
2025-07-21 13:00:00,25.9,26.1,25.74,25.95,8774814.70665983
2025-07-21 17:00:00,25.9,26.2,25.8,26.06,9972536.72512476
2025-07-21 21:00:00,26.06,26.26,25.79,25.91,11742327.93204409
2025-07-22 01:00:00,25.9,26.1,25.43,25.67,4291061.01528008
2025-07-22 05:00:00,25.58,26.13,25.58,26.05,4524121.51514028
2025-07-22 09:00:00,26.02,26.04,25.14,25.47,14356871.28122295
2025-07-22 13:00:00,25.45,25.53,24.83,25.2,12207184.70696195
2025-07-22 17:00:00,25.29,25.62,24.74,25.5,13802515.33039003
2025-07-22 21:00:00,25.54,25.58,24.86,25.38,7352982.34652082
2025-07-23 01:00:00,25.31,25.62,25.09,25.27,3052886.72540598
2025-07-23 05:00:00,25.23,25.73,25.23,25.72,6266482.71516347
2025-07-23 09:00:00,25.67,25.67,25.21,25.46,10120943.52364358
2025-07-23 13:00:00,25.42,25.74,25.28,25.31,9136394.55299881
2025-07-23 17:00:00,25.31,25.56,24.99,25.11,7561884.99077704
2025-07-23 21:00:00,25.2,25.22,23.82,24.5,22848452.7531506
2025-07-24 01:00:00,24.48,24.53,23.78,24.03,9765745.05226004
2025-07-24 05:00:00,23.97,24.08,23.1,23.79,18133611.89254821
2025-07-24 09:00:00,23.79,24.08,23.6,23.78,6802221.61352085
2025-07-24 13:00:00,23.78,23.78,22.06,22.39,33817075.75527401
2025-07-24 17:00:00,22.4,23.23,22.33,23.14,9499373.11034491
2025-07-24 21:00:00,23.11,23.49,22.59,23.15,5070586.10119704
2025-07-25 01:00:00,23.15,23.39,22.8,23.13,2164191.94193387
2025-07-25 05:00:00,23.13,23.4,22.95,22.95,2243317.71313995
2025-07-25 09:00:00,22.99,23.18,22.41,22.61,8617943.88749258
2025-07-25 13:00:00,22.56,22.87,22.4,22.67,7144424.32955768
2025-07-25 17:00:00,22.67,23.22,22.63,23.1,6353729.15920713
2025-07-25 21:00:00,23.18,23.27,22.65,22.91,4610141.54595359
2025-07-26 01:00:00,22.89,23.09,22.79,23.05,766993.76031742
2025-07-26 05:00:00,22.98,23.42,22.96,23.42,3721833.11250223
2025-07-26 09:00:00,23.41,23.53,23.27,23.53,2716253.29980793
2025-07-26 13:00:00,23.49,23.49,23.22,23.32,3746555.50708423
2025-07-26 17:00:00,23.32,23.62,23.32,23.47,3414978.8371232
2025-07-26 21:00:00,23.41,23.47,23.27,23.38,3661074.01538221
2025-07-27 01:00:00,23.38,23.56,23.3,23.54,1873479.49945345
2025-07-27 05:00:00,23.53,23.53,23.33,23.34,1895882.79797202
2025-07-27 09:00:00,23.34,23.65,23.34,23.49,6732364.77167646
2025-07-27 13:00:00,23.49,24.5,23.47,24.18,24911771.49821276
2025-07-27 17:00:00,24.24,26.3,23.78,23.85,886782116.9902245
2025-07-27 21:00:00,23.87,24.12,23.75,23.91,29082699.05380431
2025-07-28 01:00:00,23.92,24.16,23.92,23.98,9374325.99545965
2025-07-28 05:00:00,23.96,24.24,23.93,24.22,15199351.99204905
2025-07-28 09:00:00,24.22,24.39,23.89,24.2,44457475.11060465
2025-07-28 13:00:00,24.19,24.62,24.19,24.58,34823332.24278576
2025-07-28 17:00:00,24.56,24.6,24.22,24.27,21313763.77714585
2025-07-28 21:00:00,24.23,24.31,23.31,23.46,20534262.97467953
2025-07-29 01:00:00,23.41,23.64,23.12,23.23,5277263.71101964
2025-07-29 05:00:00,23.31,23.31,22.9,22.95,8594575.47442739
2025-07-29 09:00:00,22.98,23.1,22.44,22.88,18216519.38960387
2025-07-29 13:00:00,22.91,23.5,22.7,23.47,10634487.92464393
2025-07-29 17:00:00,23.48,23.62,22.74,23.12,14721591.58649475
2025-07-29 21:00:00,23.12,23.33,22.7,22.87,7627472.43137968
2025-07-30 01:00:00,22.87,22.89,22.59,22.71,2586063.36014213
2025-07-30 05:00:00,22.69,23.1,22.52,23.02,5861083.7813018
2025-07-30 09:00:00,23.02,23.03,22.37,22.7,12051623.69526623
2025-07-30 13:00:00,22.64,22.72,22.35,22.36,8283726.73241779
2025-07-30 17:00:00,22.36,22.52,22.0,22.14,19553448.18049527
2025-07-30 21:00:00,22.14,22.63,22.01,22.47,17932598.30778167
2025-07-31 01:00:00,22.5,22.7,21.9,22.6,7130964.46961855
2025-07-31 05:00:00,22.6,22.7,22.2,22.6,1964150.17990502
2025-07-31 09:00:00,22.7,23.5,22.6,23.3,24188838.86032823
2025-07-31 13:00:00,23.3,23.5,23.0,23.3,16782419.74266552
2025-07-31 17:00:00,23.4,23.5,23.1,23.2,10651897.22772154
2025-07-31 21:00:00,23.2,23.2,22.2,22.8,23368394.7844193
2025-08-01 01:00:00,22.8,23.2,22.7,22.7,4594044.26082159
2025-08-01 05:00:00,22.7,22.8,22.4,22.5,16243086.59265616
2025-08-01 09:00:00,22.4,22.6,21.6,22.2,26720844.72438565
2025-08-01 13:00:00,22.2,22.2,21.7,21.8,9279782.34613438
2025-08-01 17:00:00,21.7,21.9,21.5,21.8,9209222.82310115
2025-08-01 21:00:00,21.8,22.1,21.4,21.8,6589308.12387733
2025-08-02 01:00:00,21.8,22.0,21.5,21.9,2934744.74312868
2025-08-02 05:00:00,21.9,22.0,21.13,21.4,7472953.29326927
2025-08-02 09:00:00,21.5,22.0,21.4,21.8,7032999.27142333
2025-08-02 13:00:00,21.8,21.9,21.2,21.5,10960573.76503974
2025-08-02 17:00:00,21.6,21.7,21.2,21.3,10205872.17354617
2025-08-02 21:00:00,21.3,21.4,21.0,21.1,7633559.58311368
2025-08-03 01:00:00,21.1,21.3,20.7,20.9,8764313.35060231
2025-08-03 05:00:00,20.9,21.2,20.8,21.0,2904559.40710206
2025-08-03 09:00:00,21.1,21.4,20.7,21.3,6094164.35094643
2025-08-03 13:00:00,21.3,21.4,21.1,21.3,3521055.3549295
2025-08-03 17:00:00,21.3,21.8,21.2,21.6,2622770.05931557
2025-08-03 21:00:00,21.6,21.7,21.3,21.5,1203453.69922387
2025-08-04 01:00:00,21.5,21.6,21.3,21.4,1215266.01891691
2025-08-04 05:00:00,21.4,21.6,21.4,21.5,1972423.47375744
2025-08-04 09:00:00,21.5,21.9,21.4,21.7,4477241.96576186
2025-08-04 13:00:00,21.7,21.8,21.4,21.7,3998741.22730189
2025-08-04 17:00:00,21.8,21.8,21.5,21.6,2002996.69102017
2025-08-04 21:00:00,21.6,22.0,21.5,22.0,5876268.04336887
2025-08-05 01:00:00,22.0,22.3,21.9,22.0,1225969.01547333
2025-08-05 05:00:00,22.1,22.4,21.8,22.3,5345266.85717209
2025-08-05 09:00:00,22.4,22.5,21.9,22.0,5873206.59107125
2025-08-05 13:00:00,22.0,22.2,21.7,21.7,3181929.43329212
2025-08-05 17:00:00,21.8,22.3,21.7,22.3,1211676.58981093
2025-08-05 21:00:00,22.1,22.2,21.5,21.5,7415442.09456016
2025-08-06 01:00:00,21.6,21.9,21.4,21.6,1321940.51962727
2025-08-06 05:00:00,21.6,21.7,21.2,21.7,2058686.10596475
2025-08-06 09:00:00,21.7,21.7,21.1,21.1,6261000.55380044
2025-08-06 13:00:00,21.1,21.7,21.0,21.6,4944492.26635348
2025-08-06 17:00:00,21.6,21.7,21.4,21.5,3039039.3825693
2025-08-06 21:00:00,21.6,21.9,21.3,21.8,4365910.34590153
2025-08-07 01:00:00,21.9,22.0,21.7,21.8,1300752.57256098
2025-08-07 05:00:00,21.9,22.0,21.8,21.8,1976633.28810494
2025-08-07 09:00:00,21.7,22.1,21.7,21.8,4902496.48066787
2025-08-07 13:00:00,21.8,22.0,21.7,21.9,1779787.79775152
2025-08-07 17:00:00,21.9,22.3,21.8,22.2,4797675.82216825
2025-08-07 21:00:00,22.3,22.3,22.1,22.2,3010360.51488917
2025-08-08 01:00:00,22.1,22.3,21.7,22.0,1366129.09594247
2025-08-08 05:00:00,22.0,22.4,22.0,22.3,6383631.6064383
2025-08-08 09:00:00,22.2,22.5,22.1,22.3,6743657.98666268
2025-08-08 13:00:00,22.4,22.5,22.2,22.5,3482212.39492108
2025-08-08 17:00:00,22.5,22.6,22.3,22.5,2491132.63331551
2025-08-08 21:00:00,22.5,22.7,22.2,22.4,3673314.51638014
2025-08-09 01:00:00,22.4,22.8,22.3,22.7,3735361.15399273
2025-08-09 05:00:00,22.8,22.8,22.6,22.7,2471639.80079739
2025-08-09 09:00:00,22.8,22.9,22.7,22.9,2299145.2858576
2025-08-09 13:00:00,22.9,23.4,22.8,23.3,9050334.99277635
2025-08-09 17:00:00,23.3,23.5,23.2,23.3,7045264.12768201
2025-08-09 21:00:00,23.3,23.5,22.9,23.2,11703801.22358464
2025-08-10 01:00:00,23.3,23.5,23.1,23.3,1821048.50546976
2025-08-10 05:00:00,23.3,23.5,23.2,23.3,4000675.42523659
2025-08-10 09:00:00,23.2,23.7,23.2,23.6,8768140.79288098
2025-08-10 13:00:00,23.5,23.6,22.6,22.7,6635947.10843878
2025-08-10 17:00:00,22.7,22.9,22.5,22.5,7756695.03473376
2025-08-10 21:00:00,22.7,22.8,22.4,22.7,3399535.50929535
2025-08-11 01:00:00,22.7,23.0,22.7,23.0,2871250.09945037
2025-08-11 05:00:00,23.0,23.2,22.8,22.9,2790785.20398961
2025-08-11 09:00:00,22.9,23.4,22.8,23.2,4383525.44600399
2025-08-11 13:00:00,23.3,23.4,22.5,22.6,6306409.8591634
2025-08-11 17:00:00,22.6,22.8,22.0,22.1,9150032.51809423
2025-08-11 21:00:00,22.1,22.4,22.0,22.2,7121084.74508246
2025-08-12 01:00:00,22.4,22.5,22.1,22.2,1578105.18936239
2025-08-12 05:00:00,22.2,22.3,21.7,21.9,6681380.31437568
2025-08-12 09:00:00,21.9,22.8,21.8,21.9,10507181.31011285
2025-08-12 13:00:00,21.9,22.0,21.6,21.9,2028401.00034145
2025-08-12 17:00:00,21.9,21.9,21.5,21.7,7432057.70522714
2025-08-12 21:00:00,21.6,22.5,21.6,22.5,12296926.45315388
2025-08-13 01:00:00,22.5,23.0,22.5,22.8,3292712.93448302
2025-08-13 05:00:00,22.7,23.0,22.7,22.9,6147780.97752545
2025-08-13 09:00:00,22.9,23.2,22.7,23.1,5140437.24993617
2025-08-13 13:00:00,23.1,23.2,22.7,22.9,4226463.43424197
2025-08-13 17:00:00,22.9,23.3,22.9,23.2,6341995.47424388
2025-08-13 21:00:00,23.2,23.3,23.0,23.2,10721173.90287277
2025-08-14 01:00:00,23.3,23.5,23.1,23.3,6981019.73960299
2025-08-14 05:00:00,23.3,23.5,23.2,23.4,3141689.12649913
2025-08-14 09:00:00,23.4,23.7,23.3,23.7,12663926.83791437
2025-08-14 13:00:00,23.6,23.7,23.1,23.4,10895184.50205169
2025-08-14 17:00:00,23.3,23.4,23.0,23.1,6249483.6456758
2025-08-14 21:00:00,23.2,23.2,21.8,22.1,20749753.71115023
2025-08-15 01:00:00,22.1,22.1,21.7,22.0,4510338.49971452
2025-08-15 05:00:00,21.9,22.0,21.5,21.9,4625021.33223705
2025-08-15 09:00:00,21.9,22.3,21.8,22.3,6053955.82521058
2025-08-15 13:00:00,22.3,22.4,22.1,22.2,3351261.6936739
2025-08-15 17:00:00,22.2,22.3,21.9,22.1,2423058.14206796
2025-08-15 21:00:00,22.0,22.2,21.2,21.3,8482251.16894649
2025-08-16 01:00:00,21.3,21.6,21.2,21.3,3314435.56877496
2025-08-16 05:00:00,21.4,22.0,21.4,21.8,1753009.35389808
2025-08-16 09:00:00,21.9,22.0,21.7,21.9,2712639.92515622
2025-08-16 13:00:00,21.9,22.1,21.8,22.1,3074991.87705234
2025-08-16 17:00:00,21.9,22.0,21.6,21.7,1874069.7220431
2025-08-16 21:00:00,21.7,22.2,21.7,22.1,4218887.86946743
2025-08-17 01:00:00,22.3,22.3,22.0,22.1,965674.64582952
2025-08-17 05:00:00,22.1,22.4,22.1,22.2,3010061.61903222
2025-08-17 09:00:00,22.4,22.4,22.1,22.3,2370628.43563041
2025-08-17 13:00:00,22.3,22.4,22.2,22.3,864406.88104122
2025-08-17 17:00:00,22.2,22.4,22.1,22.2,2747742.20345911
2025-08-17 21:00:00,22.4,22.5,22.2,22.4,3971508.90721545
2025-08-18 01:00:00,22.5,22.5,21.9,22.1,3007157.79488745
2025-08-18 05:00:00,22.1,22.1,21.9,22.0,1778258.65362628
2025-08-18 09:00:00,22.0,22.1,21.2,21.4,7360055.74604481
2025-08-18 13:00:00,21.4,21.7,21.1,21.1,6276641.98228833
2025-08-18 17:00:00,21.1,21.4,21.0,21.3,4263874.2159079
2025-08-18 21:00:00,21.3,21.6,21.3,21.6,1922690.20142828
2025-08-19 01:00:00,21.6,21.6,21.3,21.5,503014.35117004
2025-08-19 05:00:00,21.6,21.8,21.5,21.6,2111463.31985795
2025-08-19 09:00:00,21.5,21.8,21.2,21.2,3033766.1268691
2025-08-19 13:00:00,21.2,21.5,21.1,21.2,1838084.35798351
2025-08-19 17:00:00,21.2,21.8,21.2,21.8,5481394.73503307
2025-08-19 21:00:00,21.7,21.8,21.2,21.4,3977912.74230241
2025-08-20 01:00:00,21.5,21.5,21.1,21.2,5962314.22408594
2025-08-20 05:00:00,21.1,21.3,20.9,20.9,3382238.02687062
2025-08-20 09:00:00,21.0,21.3,20.9,21.3,8853735.27836354
2025-08-20 13:00:00,21.3,21.5,21.3,21.4,4234766.85830659
2025-08-20 17:00:00,21.3,21.6,21.2,21.4,5030173.40720238
2025-08-20 21:00:00,21.5,21.8,21.2,21.6,7802133.76101734
2025-08-21 01:00:00,21.8,22.0,21.6,22.0,1030177.70019766
2025-08-21 05:00:00,21.9,22.1,21.8,21.9,2307723.25199916
2025-08-21 09:00:00,21.9,22.0,21.7,21.9,6557705.60681712
2025-08-21 13:00:00,21.8,21.9,21.6,21.6,3657875.64902576
2025-08-21 17:00:00,21.7,21.7,21.4,21.5,3578878.35231197
2025-08-21 21:00:00,21.4,21.7,21.3,21.3,6227298.47331837
2025-08-22 01:00:00,21.3,21.5,21.3,21.3,817191.88463051
2025-08-22 05:00:00,21.3,21.6,21.3,21.4,3739664.01986121
2025-08-22 09:00:00,21.5,21.5,21.2,21.2,7195444.53341172
2025-08-22 13:00:00,21.2,21.4,21.1,21.2,3057357.20716814
2025-08-22 17:00:00,21.3,21.3,20.9,21.0,4162531.07187189
2025-08-22 21:00:00,20.9,22.0,20.5,21.9,23692117.47322247
2025-08-23 01:00:00,21.9,22.4,21.9,22.2,9680617.64707688
2025-08-23 05:00:00,22.4,22.5,22.2,22.5,2907592.71702842
2025-08-23 09:00:00,22.4,22.7,21.9,22.2,7316946.93788276
2025-08-23 13:00:00,22.2,22.6,22.2,22.2,3420621.68946712
2025-08-23 17:00:00,22.3,22.4,22.2,22.2,2316483.9226459
2025-08-23 21:00:00,22.3,22.4,22.1,22.2,1798783.24971295
2025-08-24 01:00:00,22.3,22.4,22.2,22.4,2229148.9393947
2025-08-24 05:00:00,22.4,22.6,22.3,22.5,489625.58055178
2025-08-24 09:00:00,22.5,22.6,22.2,22.3,2429973.37102038
2025-08-24 13:00:00,22.3,22.5,21.9,22.0,6212116.97198686
2025-08-24 17:00:00,22.0,22.1,21.6,21.9,4031252.62112993
2025-08-24 21:00:00,21.9,22.1,21.7,22.0,5997131.07585973
2025-08-25 01:00:00,21.9,22.6,21.8,22.2,8439696.07103515
2025-08-25 05:00:00,22.2,22.2,21.7,21.8,5666737.24933045
2025-08-25 09:00:00,21.8,22.2,21.6,22.1,6204307.79641107
2025-08-25 13:00:00,22.1,22.2,21.2,21.3,13766558.53227487
2025-08-25 17:00:00,21.2,21.7,21.1,21.3,7262437.18914356
2025-08-25 21:00:00,21.4,21.5,21.1,21.1,7580733.95988536
2025-08-26 01:00:00,21.0,21.3,20.8,20.9,6392906.26536879
2025-08-26 05:00:00,20.8,21.0,20.4,20.8,8998276.06808157
2025-08-26 09:00:00,20.7,21.0,20.5,20.9,6312728.83766547
2025-08-26 13:00:00,20.8,21.1,20.8,21.0,4837232.7571814
2025-08-26 17:00:00,21.1,21.2,20.9,20.9,4527281.03698622
2025-08-26 21:00:00,20.9,21.4,20.8,21.2,4254957.98543457
2025-08-27 01:00:00,21.3,21.6,21.3,21.6,2712810.82651454
2025-08-27 05:00:00,21.6,21.6,21.4,21.5,1219418.09983264
2025-08-27 09:00:00,21.4,21.5,21.2,21.5,3240658.37880546
2025-08-27 13:00:00,21.4,21.6,21.2,21.2,3215643.48289802
2025-08-27 17:00:00,21.2,21.4,21.2,21.3,1492971.49712623
2025-08-27 21:00:00,21.3,21.6,21.1,21.4,5901607.19159662
2025-08-28 01:00:00,21.5,21.6,21.3,21.3,3125769.15241202
2025-08-28 05:00:00,21.2,21.6,21.1,21.3,3080510.17039969
2025-08-28 09:00:00,21.2,21.7,21.1,21.6,4402801.57479732
2025-08-28 13:00:00,21.7,21.8,21.6,21.6,3329901.57476998
2025-08-28 17:00:00,21.7,21.9,21.5,21.7,4816177.09611133
2025-08-28 21:00:00,21.6,22.3,21.6,22.1,11903690.28410711
2025-08-29 01:00:00,22.1,22.1,21.6,21.6,1919448.39585817
2025-08-29 05:00:00,21.6,22.2,21.6,22.2,2878632.05306153
2025-08-29 09:00:00,22.2,22.2,21.8,22.0,8791868.25292827
2025-08-29 13:00:00,21.9,22.0,21.4,21.5,14295101.13674382
2025-08-29 17:00:00,21.4,21.4,21.0,21.3,7852957.87731601
2025-08-29 21:00:00,21.3,21.8,21.0,21.1,6047925.66338455
2025-08-30 01:00:00,21.1,21.2,20.9,21.1,2483535.96336476
2025-08-30 05:00:00,21.1,21.4,21.0,21.2,2219794.55586584
2025-08-30 09:00:00,21.3,21.3,20.7,21.3,6776218.40369938
2025-08-30 13:00:00,21.2,21.3,21.2,21.2,1580312.36334153
2025-08-30 17:00:00,21.3,21.3,21.1,21.2,2365757.46765131
2025-08-30 21:00:00,21.2,21.3,20.9,21.2,1279085.06189147
2025-08-31 01:00:00,21.3,21.3,21.0,21.2,1070538.45231049
2025-08-31 05:00:00,21.1,21.3,21.0,21.2,491436.66172389
2025-08-31 09:00:00,21.3,21.8,21.3,21.8,6487066.82594395
2025-08-31 13:00:00,21.8,21.8,21.4,21.5,3693424.0143273
2025-08-31 17:00:00,21.4,21.6,21.4,21.4,3614228.08525733
2025-08-31 21:00:00,21.5,23.2,21.0,21.5,164426686.32245475
2025-09-01 01:00:00,21.5,21.6,21.3,21.5,5162067.41658039
2025-09-01 05:00:00,21.5,21.6,21.0,21.1,6653284.1399703
2025-09-01 09:00:00,21.2,21.2,20.7,20.8,22846063.99103385
2025-09-01 13:00:00,20.8,21.3,20.6,21.3,6094520.25427101
2025-09-01 17:00:00,21.3,21.5,20.9,20.9,8315611.18578515
2025-09-01 21:00:00,20.9,21.1,20.7,20.7,4450153.96761163
2025-09-02 01:00:00,20.7,20.8,20.5,20.7,1738248.3889664
2025-09-02 05:00:00,20.7,20.8,20.3,20.7,6065866.74051632
2025-09-02 09:00:00,20.7,21.0,20.6,21.0,4793662.03403205
2025-09-02 13:00:00,20.9,21.0,20.8,20.8,1638439.82915877
2025-09-02 17:00:00,20.8,21.0,20.8,20.8,1842276.8465193
2025-09-02 21:00:00,20.8,21.0,20.4,20.6,5590705.88588523
2025-09-03 01:00:00,20.7,20.7,20.6,20.7,537324.88773519
2025-09-03 05:00:00,20.7,21.1,20.7,21.1,2560110.61362568
2025-09-03 09:00:00,21.1,21.1,20.8,20.9,3554714.58872898
2025-09-03 13:00:00,20.9,21.0,20.7,20.8,1765479.3494438
2025-09-03 17:00:00,20.8,21.0,20.8,21.0,1244894.29860007
2025-09-03 21:00:00,21.0,21.2,20.8,21.1,1636266.94720141
2025-09-04 01:00:00,21.1,21.2,21.0,21.0,1719453.31023634
2025-09-04 05:00:00,21.0,21.2,20.9,20.9,713114.010303
2025-09-04 09:00:00,21.1,21.1,20.8,20.8,1590904.12872531
2025-09-04 13:00:00,20.8,20.9,20.4,20.7,6541973.06812808
2025-09-04 17:00:00,20.6,20.7,20.5,20.7,801881.74387427
2025-09-04 21:00:00,20.7,20.7,20.4,20.4,4887837.8220277
2025-09-05 01:00:00,20.4,20.6,20.3,20.4,1174451.57034613
2025-09-05 05:00:00,20.5,20.6,20.3,20.4,3049741.27485829
2025-09-05 09:00:00,20.4,20.7,20.4,20.6,2775770.31292048
2025-09-05 13:00:00,20.6,20.7,20.5,20.7,1846828.58427244
2025-09-05 17:00:00,20.7,20.7,20.6,20.6,1751806.38146913
2025-09-05 21:00:00,20.6,20.8,20.3,20.5,5921260.05709188
2025-09-06 01:00:00,20.5,20.6,20.4,20.6,724956.52669458
2025-09-06 05:00:00,20.6,20.7,20.5,20.6,993714.54490214
2025-09-06 09:00:00,20.7,20.7,20.5,20.6,1692349.2128438
2025-09-06 13:00:00,20.7,20.7,20.4,20.5,1415433.20052264
2025-09-06 17:00:00,20.6,20.6,20.4,20.5,836346.05308135
2025-09-06 21:00:00,20.5,20.6,20.3,20.4,3811476.95113372
2025-09-07 01:00:00,20.4,20.5,20.3,20.4,1563126.84189734
2025-09-07 05:00:00,20.4,20.5,20.3,20.5,431058.10203765
2025-09-07 09:00:00,20.5,20.7,20.4,20.6,5056729.70763139
2025-09-07 13:00:00,20.7,20.7,20.5,20.6,1538594.65590309
2025-09-07 17:00:00,20.5,20.6,20.5,20.6,1681147.70682011
2025-09-07 21:00:00,20.6,20.6,20.5,20.6,475513.75239985
2025-09-08 01:00:00,20.5,20.6,20.4,20.5,1450818.59852369
2025-09-08 05:00:00,20.4,20.6,20.4,20.6,781871.16281233
2025-09-08 09:00:00,20.6,20.7,20.4,20.6,3378419.57074831
2025-09-08 13:00:00,20.7,20.7,20.5,20.5,2873244.10440704
2025-09-08 17:00:00,20.5,20.8,20.5,20.6,3006710.41260642
2025-09-08 21:00:00,20.6,20.9,20.6,20.8,4329178.95512025
2025-09-09 01:00:00,20.9,21.0,20.8,20.9,2016733.16985625
2025-09-09 05:00:00,21.0,21.0,20.8,21.0,2235074.21997683
2025-09-09 09:00:00,21.0,21.3,20.8,21.3,15414787.87852125
2025-09-09 13:00:00,21.2,21.7,21.1,21.6,6168917.1170598
2025-09-09 17:00:00,21.6,21.6,21.3,21.4,3662749.65941794
2025-09-09 21:00:00,21.5,21.5,21.0,21.1,9826944.41252228
2025-09-10 01:00:00,21.0,21.2,21.0,21.1,853908.40930353
2025-09-10 05:00:00,21.2,21.5,21.2,21.3,2115847.04550898
2025-09-10 09:00:00,21.3,21.7,21.3,21.7,7742631.41018301
2025-09-10 13:00:00,21.7,21.8,21.5,21.5,5064284.15008802
2025-09-10 17:00:00,21.5,21.7,21.5,21.7,2349477.94327133
2025-09-10 21:00:00,21.6,21.8,21.5,21.7,4663073.315662
2025-09-11 01:00:00,21.8,21.8,21.4,21.4,2815232.68837979
2025-09-11 05:00:00,21.5,21.7,21.5,21.6,1276152.08843493
2025-09-11 09:00:00,21.7,21.7,21.5,21.6,2715004.61709238
2025-09-11 13:00:00,21.7,21.8,21.5,21.8,5060054.06212756
2025-09-11 17:00:00,21.7,21.8,21.5,21.6,1759444.99309763
2025-09-11 21:00:00,21.5,21.6,21.2,21.3,9905597.17479913
2025-09-12 01:00:00,21.4,21.4,21.3,21.3,474641.60621787
2025-09-12 05:00:00,21.4,21.5,21.3,21.4,1420644.37374339
2025-09-12 09:00:00,21.3,21.7,21.3,21.5,3942388.50746745
2025-09-12 13:00:00,21.5,21.7,21.5,21.6,1958796.30363789
2025-09-12 17:00:00,21.6,21.6,21.4,21.5,3401738.65498525
2025-09-12 21:00:00,21.4,21.7,21.3,21.5,5169272.50037781
2025-09-13 01:00:00,21.5,21.9,21.5,21.9,2960569.04587247
2025-09-13 05:00:00,21.7,22.0,21.7,22.0,1432812.91261609
2025-09-13 09:00:00,22.0,22.1,21.8,22.1,6348684.10516661
2025-09-13 13:00:00,22.0,22.1,21.8,21.9,1916384.84060231
2025-09-13 17:00:00,21.9,22.2,21.9,22.1,7208949.79745607
2025-09-13 21:00:00,22.1,22.2,21.8,21.9,5075013.12882177
2025-09-14 01:00:00,22.0,22.1,21.7,22.0,3449127.30290863
2025-09-14 05:00:00,22.1,22.3,22.0,22.2,1116472.58680935
2025-09-14 09:00:00,22.2,22.5,21.9,22.1,4175544.59656431
2025-09-14 13:00:00,22.1,22.2,21.9,21.9,2022653.82252402
2025-09-14 17:00:00,21.9,22.2,21.6,21.6,1970633.80230564
2025-09-14 21:00:00,21.6,21.8,21.3,21.5,6498048.85877681
2025-09-15 01:00:00,21.5,21.6,21.4,21.6,375880.27726285
2025-09-15 05:00:00,21.5,21.7,21.4,21.5,2322365.29648218
2025-09-15 09:00:00,21.4,21.6,21.3,21.5,2964361.84635401
2025-09-15 13:00:00,21.5,21.6,21.1,21.2,2994503.0326246
2025-09-15 17:00:00,21.1,21.1,20.7,20.9,6919285.72477811
2025-09-15 21:00:00,20.9,21.0,20.6,20.8,4823260.55907054
2025-09-16 01:00:00,20.7,20.8,20.6,20.6,1256719.77847271
2025-09-16 05:00:00,20.8,20.9,20.7,20.8,897748.28492486
2025-09-16 09:00:00,20.8,21.0,20.7,20.8,3397653.40965297
2025-09-16 13:00:00,20.8,21.1,20.6,21.0,7527861.43203916
2025-09-16 17:00:00,21.1,21.3,20.8,21.0,13777918.17937167
2025-09-16 21:00:00,21.0,21.1,20.8,21.0,2730778.40545794
2025-09-17 01:00:00,21.1,21.1,21.0,21.0,2388371.76548768
2025-09-17 05:00:00,21.1,21.3,21.1,21.1,1631667.77748625
2025-09-17 09:00:00,21.2,21.2,20.9,20.9,4530113.82282366
2025-09-17 13:00:00,20.9,21.2,20.8,21.2,1136434.53185981
2025-09-17 17:00:00,21.1,21.1,20.9,21.0,1760297.86762445
2025-09-17 21:00:00,21.0,21.1,20.9,20.9,1994094.76597269
2025-09-18 01:00:00,20.9,21.4,20.9,21.4,4401974.22877356
2025-09-18 05:00:00,21.5,21.8,21.3,21.7,5797477.15746054
2025-09-18 09:00:00,21.7,21.9,21.6,21.9,4720096.07640403
2025-09-18 13:00:00,21.9,21.9,21.6,21.8,8416052.08127735
2025-09-18 17:00:00,21.7,21.9,21.6,21.7,3145282.48911052
2025-09-18 21:00:00,21.7,21.9,21.6,21.9,2867510.30985204
2025-09-19 01:00:00,21.9,22.0,21.8,21.9,1258580.97801116
2025-09-19 05:00:00,21.9,21.9,21.6,21.7,4500554.25601297
2025-09-19 09:00:00,21.7,21.9,21.4,21.4,8382068.57146112
2025-09-19 13:00:00,21.4,21.5,21.2,21.4,4232166.42490937
2025-09-19 17:00:00,21.4,21.4,21.0,21.1,6525421.15854155
2025-09-19 21:00:00,21.1,21.3,20.9,21.1,7849706.14888989
2025-09-20 01:00:00,21.1,21.2,20.8,20.9,1681994.77176096
2025-09-20 05:00:00,20.9,21.1,20.7,20.8,1803010.07937294
2025-09-20 09:00:00,20.8,21.1,20.8,20.9,4288754.52970696
2025-09-20 13:00:00,21.0,21.1,20.9,21.1,4726095.18031817
2025-09-20 17:00:00,21.1,21.1,20.8,20.9,1657941.60478453
2025-09-20 21:00:00,20.9,21.1,20.8,21.1,3639467.90622904
2025-09-21 01:00:00,21.1,21.1,20.9,20.9,1061188.63958992
2025-09-21 05:00:00,21.0,21.1,20.9,20.9,2425556.69511073
2025-09-21 09:00:00,21.1,21.1,20.9,21.1,1582770.69750068
2025-09-21 13:00:00,21.1,21.1,20.9,21.0,7470699.08088851
2025-09-21 17:00:00,21.1,21.1,20.8,20.9,5953507.21552857
2025-09-21 21:00:00,21.0,21.0,20.9,20.9,3137546.06127108
2025-09-22 01:00:00,20.9,20.9,20.7,20.9,1292133.201789
2025-09-22 05:00:00,20.9,20.9,20.7,20.8,3001260.24244487
2025-09-22 09:00:00,20.8,20.8,20.1,20.3,15957732.57307744
2025-09-22 13:00:00,20.3,20.4,19.5,19.7,19532214.33869555
2025-09-22 17:00:00,19.6,19.8,19.5,19.6,4398046.18656548
2025-09-22 21:00:00,19.7,19.9,19.5,19.6,7313071.38446833
2025-09-23 01:00:00,19.6,19.7,19.5,19.6,2810720.09600128
2025-09-23 05:00:00,19.6,19.8,19.6,19.7,2346384.18783378
2025-09-23 09:00:00,19.7,19.8,19.2,19.6,7741147.56081556
2025-09-23 13:00:00,19.6,19.7,19.3,19.7,4189723.99122204
2025-09-23 17:00:00,19.7,19.8,19.6,19.7,2991938.66104252
2025-09-23 21:00:00,19.7,19.8,19.6,19.8,1539734.55994453
2025-09-24 01:00:00,19.6,19.8,19.4,19.5,1866191.08898505
2025-09-24 05:00:00,19.5,19.7,19.5,19.6,763972.69746012
2025-09-24 09:00:00,19.6,19.7,19.3,19.4,7954222.64703311
2025-09-24 13:00:00,19.4,19.6,19.2,19.6,3856454.91059854
2025-09-24 17:00:00,19.6,19.7,19.5,19.6,4037387.66344299
2025-09-24 21:00:00,19.6,19.9,19.6,19.8,3848446.41728457
2025-09-25 01:00:00,19.9,19.9,19.6,19.7,239074.1491456
2025-09-25 05:00:00,19.7,19.7,19.5,19.6,789070.05854555
2025-09-25 09:00:00,19.5,19.6,19.3,19.4,1794048.01687643
2025-09-25 13:00:00,19.4,19.5,19.2,19.3,6222010.56706612
2025-09-25 17:00:00,19.3,19.4,19.2,19.2,4206624.20947267
2025-09-25 21:00:00,19.3,19.5,19.1,19.3,5876439.76512743
2025-09-26 01:00:00,19.3,19.3,19.0,19.2,8535716.01147962
2025-09-26 05:00:00,19.1,19.2,18.9,19.0,2467049.70462951
2025-09-26 09:00:00,19.0,19.3,18.9,19.1,3228012.81035237
2025-09-26 13:00:00,19.2,19.3,19.0,19.1,1702597.60499285
2025-09-26 17:00:00,19.2,19.3,19.1,19.3,3018258.27407237
2025-09-26 21:00:00,19.2,19.5,19.1,19.5,4206553.08680999
2025-09-27 01:00:00,19.5,19.9,19.5,19.8,3652458.30226511
2025-09-27 05:00:00,19.8,20.0,19.7,20.0,5845232.84653597
2025-09-27 09:00:00,20.0,20.0,19.7,19.8,1366088.52944651
2025-09-27 13:00:00,19.8,19.9,19.7,19.7,846236.36863745
2025-09-27 17:00:00,19.7,19.7,19.6,19.7,890833.68188315
2025-09-27 21:00:00,19.6,19.8,19.6,19.7,406685.11338547
2025-09-28 01:00:00,19.6,19.7,19.4,19.4,561560.7846211
2025-09-28 05:00:00,19.6,19.6,19.4,19.6,1039160.34573047
2025-09-28 09:00:00,19.6,19.6,19.3,19.3,1619377.9878436
2025-09-28 13:00:00,19.4,19.5,19.2,19.3,1904128.57963408
2025-09-28 17:00:00,19.3,19.3,19.1,19.1,1136504.56284919
2025-09-28 21:00:00,19.1,19.4,19.0,19.3,1763223.57130373
2025-09-29 01:00:00,19.3,19.4,19.3,19.3,189117.77484306
2025-09-29 05:00:00,19.4,19.8,19.3,19.7,1577725.59579933
2025-09-29 09:00:00,19.7,19.8,19.5,19.7,1785046.71873578
2025-09-29 13:00:00,19.6,19.6,19.4,19.5,1478517.26348193
2025-09-29 17:00:00,19.5,19.7,19.3,19.4,1717422.79616366
2025-09-29 21:00:00,19.5,19.7,19.1,19.4,1925405.40580445
2025-09-30 01:00:00,19.5,19.6,19.3,19.6,1132903.05031111
2025-09-30 05:00:00,19.6,19.7,19.4,19.5,997710.77039728
2025-09-30 09:00:00,19.5,19.5,19.2,19.3,4022270.13681922
2025-09-30 13:00:00,19.3,19.5,19.2,19.2,3978149.56599953
2025-09-30 17:00:00,19.2,19.3,18.9,19.1,9476881.03167001
2025-09-30 21:00:00,19.2,19.2,18.9,18.9,2658767.18018668
2025-10-01 01:00:00,18.9,19.2,18.9,19.0,5268797.75063679
2025-10-01 05:00:00,19.0,19.2,18.8,18.9,3126867.61637938
2025-10-01 09:00:00,18.9,19.0,18.8,18.8,4705140.59647729
2025-10-01 13:00:00,18.8,19.1,18.8,19.0,2521090.42175411
2025-10-01 17:00:00,19.0,19.7,18.9,19.6,5673519.42782862
2025-10-01 21:00:00,19.7,19.8,19.6,19.6,2220167.69084045
2025-10-02 01:00:00,19.7,19.9,19.6,19.8,1040422.1077051
2025-10-02 05:00:00,19.8,19.9,19.7,19.9,1534601.68900284
2025-10-02 09:00:00,19.9,20.2,19.8,20.0,3676986.92250218
2025-10-02 13:00:00,20.0,20.3,20.0,20.1,4121438.69573255
2025-10-02 17:00:00,20.1,20.2,20.0,20.1,457013.0087678
2025-10-02 21:00:00,20.0,20.2,19.7,19.9,3674599.09908429
2025-10-03 01:00:00,20.0,20.2,19.9,20.2,1301098.28190233
2025-10-03 05:00:00,20.2,20.3,20.1,20.2,1170401.91946239
2025-10-03 09:00:00,20.2,20.4,20.0,20.3,2877816.22438878
2025-10-03 13:00:00,20.2,20.4,20.0,20.0,3259722.2450285
2025-10-03 17:00:00,20.0,20.2,20.0,20.0,1114026.49973641
2025-10-03 21:00:00,20.1,20.4,20.0,20.4,4773268.08280166
2025-10-04 01:00:00,20.4,20.6,20.1,20.4,2390756.0803554
2025-10-04 05:00:00,20.4,20.5,20.2,20.3,1510036.07815319
2025-10-04 09:00:00,20.3,20.4,20.0,20.1,2656068.37044317
2025-10-04 13:00:00,20.1,20.2,20.0,20.1,415294.38523872
2025-10-04 17:00:00,20.1,20.1,19.8,19.9,2182724.03921809
2025-10-04 21:00:00,19.9,20.0,19.5,19.6,2358073.90218804
2025-10-05 01:00:00,19.7,19.7,19.5,19.7,1022877.98527328
2025-10-05 05:00:00,19.7,19.9,19.7,19.9,871390.05963773
2025-10-05 09:00:00,19.8,20.2,19.7,20.0,904003.21274268
2025-10-05 13:00:00,20.0,20.4,20.0,20.4,3157374.12942124
2025-10-05 17:00:00,20.4,20.5,20.0,20.1,2329917.5950447
2025-10-05 21:00:00,20.1,20.3,20.0,20.2,932096.65428549
2025-10-06 01:00:00,20.2,20.3,19.8,19.8,2422559.87141771
2025-10-06 05:00:00,19.9,20.1,19.8,20.0,961491.76129547
2025-10-06 09:00:00,19.9,20.3,19.9,20.1,2195097.04398733
2025-10-06 13:00:00,20.1,20.4,20.1,20.2,1684134.59859538
2025-10-06 17:00:00,20.2,20.3,20.1,20.1,1285823.26530752
2025-10-06 21:00:00,20.1,20.5,20.1,20.4,3126861.13634321
2025-10-07 01:00:00,20.4,20.5,20.3,20.4,1519685.26428797
2025-10-07 05:00:00,20.4,20.4,20.1,20.3,1018240.19652655
2025-10-07 09:00:00,20.2,20.3,20.1,20.2,1167597.80576273
2025-10-07 13:00:00,20.1,20.4,19.9,19.9,3181401.5709077
2025-10-07 17:00:00,20.0,20.3,19.8,20.2,1565859.33924738
2025-10-07 21:00:00,20.2,20.5,19.6,19.7,6609179.52430437
2025-10-08 01:00:00,19.6,19.9,19.5,19.7,1979622.97769503
2025-10-08 05:00:00,19.9,20.0,19.7,19.7,1828152.00745651
2025-10-08 09:00:00,19.7,19.9,19.6,19.7,1657855.33490145
2025-10-08 13:00:00,19.6,19.8,19.5,19.7,2111559.20066665
2025-10-08 17:00:00,19.8,20.0,19.7,19.9,1366442.42056204
2025-10-08 21:00:00,19.9,20.1,19.8,20.0,620307.93100432
2025-10-09 01:00:00,20.0,20.4,20.0,20.2,2928816.18266576
2025-10-09 05:00:00,20.3,20.4,20.1,20.3,1499152.79636012
2025-10-09 09:00:00,20.3,20.3,19.9,20.3,5976314.82729406
2025-10-09 13:00:00,20.3,20.3,20.1,20.1,2509906.20347343
2025-10-09 17:00:00,20.1,20.1,19.8,19.9,2536540.01267547
2025-10-09 21:00:00,19.9,20.1,19.7,19.8,3485797.94437547
2025-10-10 01:00:00,19.7,20.1,19.7,20.0,983880.71489762
2025-10-10 05:00:00,20.1,20.1,19.9,19.9,1411853.5146824
2025-10-10 09:00:00,19.9,20.2,19.9,20.1,2406994.11928139
2025-10-10 13:00:00,20.2,20.3,20.0,20.1,4134587.03089204
2025-10-10 17:00:00,20.0,20.3,20.0,20.3,4679319.05284252
2025-10-10 21:00:00,20.1,20.3,19.4,19.6,5057571.61160338
2025-10-11 01:00:00,19.5,19.8,19.2,19.4,8009077.49519338
2025-10-11 05:00:00,19.3,19.5,15.3,15.7,48819847.86523473
2025-10-11 09:00:00,15.7,16.4,14.9,15.7,22218351.83862052
2025-10-11 13:00:00,15.7,15.9,15.6,15.7,11633651.54382326
2025-10-11 17:00:00,15.8,16.4,15.6,16.1,12165773.29097927
2025-10-11 21:00:00,16.1,16.1,15.7,16.0,8064034.30104173
2025-10-12 01:00:00,15.9,16.1,15.5,15.5,1840529.50818848
2025-10-12 05:00:00,15.5,15.7,15.2,15.6,3149031.01694901
2025-10-12 09:00:00,15.6,15.8,15.3,15.6,4865200.7779144
2025-10-12 13:00:00,15.7,16.0,15.7,15.9,986020.89512059
2025-10-12 17:00:00,15.9,15.9,15.6,15.8,2259856.05004259
2025-10-12 21:00:00,15.9,16.6,15.7,16.5,9043823.95850807
2025-10-13 01:00:00,16.6,17.0,16.4,17.0,5577634.17052737
2025-10-13 05:00:00,16.9,17.0,16.6,16.8,2645968.62224611
2025-10-13 09:00:00,16.9,17.0,16.7,16.8,2980850.30003654
2025-10-13 13:00:00,16.8,17.1,16.7,16.9,2667848.48548953
2025-10-13 17:00:00,17.1,17.2,16.5,16.9,5811444.47710026
2025-10-13 21:00:00,16.9,17.4,16.7,17.3,7654191.17815077
2025-10-14 01:00:00,17.3,17.6,17.1,17.5,4383029.10492189
2025-10-14 05:00:00,17.5,17.9,17.5,17.9,1693861.09244385
2025-10-14 09:00:00,17.9,18.0,17.4,17.4,5369516.26106783
2025-10-14 13:00:00,17.4,17.4,16.6,16.8,6776803.3285813
2025-10-14 17:00:00,16.9,17.1,16.6,16.9,4456315.95012807
2025-10-14 21:00:00,17.0,17.3,16.6,17.2,4499872.08444465
2025-10-15 01:00:00,17.2,17.6,17.1,17.3,2226490.82620054
2025-10-15 05:00:00,17.3,17.4,17.2,17.2,596549.93486855
2025-10-15 09:00:00,17.2,17.6,17.2,17.2,4093417.20590168
2025-10-15 13:00:00,17.2,17.5,17.2,17.4,2396304.69504738
2025-10-15 17:00:00,17.3,17.5,16.9,17.1,5535686.81166899
2025-10-15 21:00:00,17.0,17.0,16.6,16.6,4764868.93650139
2025-10-16 01:00:00,16.6,16.7,16.4,16.6,1538607.14267815
2025-10-16 05:00:00,16.6,16.7,16.4,16.5,561077.55344976
2025-10-16 09:00:00,16.5,16.7,16.5,16.5,1218929.49647748
2025-10-16 13:00:00,16.5,16.8,16.4,16.6,1921742.5116548
2025-10-16 17:00:00,16.6,16.8,16.2,16.6,3136824.18872246
2025-10-16 21:00:00,16.8,16.8,16.1,16.2,1945280.27102133
2025-10-17 01:00:00,16.1,16.4,15.9,16.1,4919272.21526302
2025-10-17 05:00:00,16.1,16.1,15.8,16.0,2099445.47563399
2025-10-17 09:00:00,16.0,16.1,15.9,16.1,1705382.04081312
2025-10-17 13:00:00,16.0,16.1,14.9,15.1,10737603.5016851
2025-10-17 17:00:00,15.1,15.6,14.9,15.4,9156544.32252528
2025-10-17 21:00:00,15.5,15.6,15.2,15.5,6516908.37415944
2025-10-18 01:00:00,15.5,15.6,15.3,15.3,2033122.22946508
2025-10-18 05:00:00,15.5,15.7,15.4,15.5,974534.51312773
2025-10-18 09:00:00,15.5,15.8,15.4,15.6,2941154.02169022
2025-10-18 13:00:00,15.6,15.8,15.5,15.7,2820810.33956326
2025-10-18 17:00:00,15.7,15.7,15.5,15.7,1827545.86527653
2025-10-18 21:00:00,15.6,15.8,15.4,15.6,552434.47224129
2025-10-19 01:00:00,15.6,15.7,15.5,15.5,489131.86482538
2025-10-19 05:00:00,15.7,15.8,15.5,15.6,585607.43666985
2025-10-19 09:00:00,15.7,15.8,15.5,15.8,1780635.27984564
2025-10-19 13:00:00,15.7,15.8,15.5,15.5,1032787.28802451
2025-10-19 17:00:00,15.6,16.0,15.3,15.9,5884433.28520432
2025-10-19 21:00:00,15.9,16.2,15.7,16.1,2452220.3056945
2025-10-20 01:00:00,16.1,16.3,16.0,16.1,2479203.64673184
2025-10-20 05:00:00,16.2,16.3,16.0,16.1,1134216.60738612
2025-10-20 09:00:00,16.1,16.3,15.7,16.2,3437159.12723771
2025-10-20 13:00:00,16.3,16.4,16.1,16.2,1021861.06252803
2025-10-20 17:00:00,16.1,16.3,16.0,16.2,1883472.82589267
2025-10-20 21:00:00,16.2,16.2,15.9,15.9,1799959.6113692
2025-10-21 01:00:00,15.9,15.9,15.7,15.9,2422418.79328223
2025-10-21 05:00:00,15.9,15.9,15.8,15.8,418212.40713818
2025-10-21 09:00:00,15.8,15.9,15.5,15.6,1776057.23449452
2025-10-21 13:00:00,15.6,15.6,15.3,15.5,3969402.34933513
2025-10-21 17:00:00,15.5,15.6,15.3,15.5,2634485.38880079
2025-10-21 21:00:00,15.6,16.3,15.4,16.1,14039790.90855435
2025-10-22 01:00:00,16.2,16.3,15.9,15.9,4107670.81128451
2025-10-22 05:00:00,15.9,16.0,15.5,15.5,4128664.25652507
2025-10-22 09:00:00,15.5,15.6,15.3,15.5,2376102.10635725
2025-10-22 13:00:00,15.5,15.7,15.4,15.5,2045819.63642078
2025-10-22 17:00:00,15.4,15.5,15.2,15.3,3394931.34405711
2025-10-22 21:00:00,15.3,15.6,15.3,15.3,2564215.5784622
2025-10-23 01:00:00,15.3,15.4,15.1,15.2,1285671.1435251
2025-10-23 05:00:00,15.2,15.3,14.9,15.2,3353737.62506211
2025-10-23 09:00:00,15.2,15.4,15.1,15.4,1271681.53277793
2025-10-23 13:00:00,15.4,15.5,15.1,15.3,2762306.40167769
2025-10-23 17:00:00,15.4,15.4,15.1,15.1,1578948.30663243
2025-10-23 21:00:00,15.2,15.4,15.1,15.4,1570411.23755051
2025-10-24 01:00:00,15.3,15.5,15.3,15.4,538112.77196258
2025-10-24 05:00:00,15.3,15.3,15.2,15.3,641486.96241502
2025-10-24 09:00:00,15.3,15.4,15.1,15.1,1910665.88170879
2025-10-24 13:00:00,15.1,15.5,15.1,15.4,2270997.02849143
2025-10-24 17:00:00,15.4,15.5,15.1,15.2,4369744.71481451
2025-10-24 21:00:00,15.2,15.5,15.1,15.2,8050533.71461105
2025-10-25 01:00:00,15.1,15.4,15.1,15.4,646148.8948981
2025-10-25 05:00:00,15.4,15.4,15.3,15.4,807433.12777344
2025-10-25 09:00:00,15.3,15.4,15.1,15.1,11114115.95180733
2025-10-25 13:00:00,15.2,15.2,15.1,15.1,2625803.90932034
2025-10-25 17:00:00,15.1,15.2,15.0,15.1,3296983.40733074
2025-10-25 21:00:00,15.2,15.3,15.1,15.2,2425655.47330676
2025-10-26 01:00:00,15.2,15.2,15.2,15.2,7162.68421052
2025-10-26 05:00:00,15.2,15.2,15.2,15.2,61070.39550344
2025-10-26 09:00:00,15.1,15.3,15.0,15.1,2522185.72499916
2025-10-26 13:00:00,15.1,15.3,15.1,15.2,4934978.89582377
2025-10-26 17:00:00,15.2,15.4,15.2,15.3,5744073.7888253
2025-10-26 21:00:00,15.4,15.5,15.3,15.4,5444740.56484615
2025-10-27 01:00:00,15.5,15.5,15.4,15.4,509071.29193234
2025-10-27 05:00:00,15.3,15.6,15.3,15.6,2219295.3969401
2025-10-27 09:00:00,15.6,15.7,15.5,15.5,5365171.82411503
2025-10-27 13:00:00,15.5,15.7,15.4,15.6,5399184.33175553
2025-10-27 17:00:00,15.6,15.6,15.2,15.3,8012469.95496255
2025-10-27 21:00:00,15.3,15.3,15.1,15.3,6550619.78857179
2025-10-28 01:00:00,15.3,15.5,15.2,15.4,1054192.50766983
2025-10-28 05:00:00,15.3,15.5,15.2,15.3,1595460.62363268
2025-10-28 09:00:00,15.3,15.4,15.1,15.2,4139329.23537741
2025-10-28 13:00:00,15.2,15.3,15.0,15.2,5074654.68928121
2025-10-28 17:00:00,15.2,15.2,15.0,15.1,4072156.25321401
2025-10-28 21:00:00,15.1,15.3,14.9,15.1,8662032.61309908
2025-10-29 01:00:00,15.0,15.2,14.9,15.0,1697061.43454628
2025-10-29 05:00:00,15.0,15.0,14.7,14.9,15572333.76394232
2025-10-29 09:00:00,15.0,15.1,14.9,15.0,4489899.66452252
2025-10-29 13:00:00,15.1,15.2,15.0,15.0,2438442.61141912
2025-10-29 17:00:00,15.1,15.2,15.0,15.2,4616177.9515384
2025-10-29 21:00:00,15.2,15.3,15.0,15.0,5079999.25420569
2025-10-30 01:00:00,15.0,15.4,14.9,15.3,5590156.24952923
2025-10-30 05:00:00,15.4,15.6,15.0,15.1,4186518.58190701
2025-10-30 09:00:00,15.2,15.3,15.1,15.1,2640663.22937668
2025-10-30 13:00:00,15.1,15.1,14.7,15.1,6330745.1710065
2025-10-30 17:00:00,15.0,15.1,14.7,14.8,2511087.84038078
2025-10-30 21:00:00,14.8,14.8,14.1,14.2,10361032.14115137
2025-10-31 01:00:00,14.2,14.3,13.9,14.0,10799180.71873934
2025-10-31 05:00:00,14.1,14.3,13.9,14.2,2129472.77566767
2025-10-31 09:00:00,14.2,14.4,14.2,14.3,3668752.72758394
2025-10-31 13:00:00,14.4,14.4,14.2,14.3,1593233.77744122
2025-10-31 17:00:00,14.2,14.4,14.2,14.3,1206384.98739112
2025-10-31 21:00:00,14.5,14.5,14.3,14.5,1331218.4864577
2025-11-01 01:00:00,14.4,14.6,14.2,14.5,717482.62621784
2025-11-01 05:00:00,14.4,14.6,14.4,14.4,273126.27321048
2025-11-01 09:00:00,14.5,14.5,14.4,14.5,2342249.65254952
2025-11-01 13:00:00,14.5,14.6,14.4,14.6,1406885.19997203
2025-11-01 17:00:00,14.6,14.8,14.6,14.7,1549312.27188004
2025-11-01 21:00:00,14.8,14.9,14.6,14.8,1995858.10047492
2025-11-02 01:00:00,14.9,15.1,14.8,14.9,3456312.678009
2025-11-02 05:00:00,15.0,15.1,14.9,14.9,746119.36972072
2025-11-02 09:00:00,15.0,15.0,14.7,14.8,3311818.99982969
2025-11-02 13:00:00,14.8,15.0,14.7,15.0,2346107.27745642
2025-11-02 17:00:00,15.0,15.0,14.7,14.9,632116.75662433
2025-11-02 21:00:00,14.9,14.9,14.5,14.5,1290081.95756121
2025-11-03 01:00:00,14.5,14.6,14.4,14.4,1499525.77318983
2025-11-03 05:00:00,14.5,14.7,14.4,14.7,1652604.69556903
2025-11-03 09:00:00,14.7,14.8,14.0,14.0,5657197.5321243
2025-11-03 13:00:00,14.0,14.4,13.9,14.1,7694974.65353631
2025-11-03 17:00:00,14.0,14.1,13.9,14.0,6190679.62568801
2025-11-03 21:00:00,14.0,14.2,13.1,13.3,15771742.6537942
2025-11-04 01:00:00,13.4,13.7,13.3,13.3,3089966.36014105
2025-11-04 05:00:00,13.3,13.4,13.0,13.1,6872531.46009949
2025-11-04 09:00:00,13.2,13.6,13.1,13.5,5224844.64397597
2025-11-04 13:00:00,13.5,13.6,12.8,12.9,11417007.04918073
2025-11-04 17:00:00,12.8,13.1,12.7,13.0,5377776.39340474
2025-11-04 21:00:00,13.0,13.3,12.8,13.0,3647249.53899309
2025-11-05 01:00:00,13.1,13.1,12.3,12.5,3867210.58551174
2025-11-05 05:00:00,12.5,12.9,12.0,12.9,8990934.3173811
2025-11-05 09:00:00,12.9,12.9,12.0,12.7,11336216.76070163
2025-11-05 13:00:00,12.7,12.8,12.6,12.8,1997538.16649148
2025-11-05 17:00:00,12.7,12.9,12.5,12.9,3830251.78427141
2025-11-05 21:00:00,12.9,13.1,12.7,13.1,1912023.85784608
2025-11-06 01:00:00,13.1,13.3,13.0,13.2,1701869.39968305
2025-11-06 05:00:00,13.3,13.3,13.1,13.3,1798359.07715811
2025-11-06 09:00:00,13.4,13.5,13.0,13.2,3601386.95732391
2025-11-06 13:00:00,13.3,13.4,13.0,13.0,1234919.13515071
2025-11-06 17:00:00,13.0,13.1,12.9,13.0,1609869.49971897
2025-11-06 21:00:00,13.1,13.3,12.8,12.8,2090346.76846022
2025-11-07 01:00:00,12.9,13.5,12.7,13.5,2828024.45213342
2025-11-07 05:00:00,13.6,13.7,13.2,13.3,3907545.93619722
2025-11-07 09:00:00,13.4,13.8,13.4,13.6,18186984.12491152
2025-11-07 13:00:00,13.6,13.9,13.5,13.9,3627235.31953608
2025-11-07 17:00:00,13.9,13.9,13.5,13.6,3506812.14236655
2025-11-07 21:00:00,13.7,14.2,13.3,14.0,3105332.20505865
2025-11-08 01:00:00,14.1,15.3,14.0,14.9,26883263.14059795
2025-11-08 05:00:00,14.9,15.2,14.8,14.8,5639015.4450165
2025-11-08 09:00:00,14.9,15.2,14.7,14.9,8459524.21874825
2025-11-08 13:00:00,14.9,15.1,14.6,14.8,5258218.76649019
2025-11-08 17:00:00,14.9,15.5,14.7,14.9,7647386.54558534
2025-11-08 21:00:00,15.0,15.1,14.4,14.6,1801299.3028275
2025-11-09 01:00:00,14.5,14.7,14.5,14.7,2366372.32846057
2025-11-09 05:00:00,14.6,15.0,14.6,15.0,1335734.92281823
2025-11-09 09:00:00,15.0,15.0,14.4,14.4,4359256.12054322
2025-11-09 13:00:00,14.5,14.8,14.4,14.8,1221805.38161719
2025-11-09 17:00:00,14.8,14.9,14.5,14.8,2239696.25893052
2025-11-09 21:00:00,14.8,14.9,14.6,14.8,2796844.36189249
2025-11-10 01:00:00,14.7,14.9,14.7,14.9,768279.95786147
2025-11-10 05:00:00,14.9,14.9,14.6,14.7,6861999.46418095
2025-11-10 09:00:00,14.7,15.0,14.6,14.9,6051068.76877907
2025-11-10 13:00:00,15.0,15.0,14.7,14.7,4724858.90323328
2025-11-10 17:00:00,14.8,15.0,14.6,14.8,6037895.36267766
2025-11-10 21:00:00,14.8,14.8,14.4,14.6,4688488.39189885
2025-11-11 01:00:00,14.6,14.7,14.5,14.7,274307.01108306
2025-11-11 05:00:00,14.7,15.0,14.6,14.9,1858112.42692082
2025-11-11 09:00:00,14.9,15.2,14.7,15.1,3812863.82489122
2025-11-11 13:00:00,15.2,15.2,14.7,14.9,10684802.35283762
2025-11-11 17:00:00,14.9,18.9,14.9,15.6,925194874.5329984
2025-11-11 21:00:00,15.6,15.9,15.1,15.4,96699107.62868308
2025-11-12 01:00:00,15.3,15.7,14.9,15.0,24207764.86730764
2025-11-12 05:00:00,15.0,15.4,14.6,15.1,39809842.21769958
2025-11-12 09:00:00,15.1,16.9,14.5,15.0,268836245.3488893
2025-11-12 13:00:00,15.0,15.8,15.0,15.3,60707237.43116811
2025-11-12 17:00:00,15.3,15.6,15.1,15.2,34566455.74143728
2025-11-12 21:00:00,15.3,15.4,14.7,14.7,24933553.1188229
2025-11-13 01:00:00,14.7,14.9,14.2,14.4,18676504.92350913
2025-11-13 05:00:00,14.4,14.7,14.3,14.5,21948271.50766432
2025-11-13 09:00:00,14.5,14.6,14.0,14.4,36473817.98535384
2025-11-13 13:00:00,14.4,14.5,14.1,14.3,8899702.35062529
2025-11-13 17:00:00,14.3,14.4,14.1,14.1,7576085.91593903
2025-11-13 21:00:00,14.1,14.5,14.0,14.2,10098161.13348648
2025-11-14 01:00:00,14.2,14.3,13.5,13.6,21855858.82172178
2025-11-14 05:00:00,13.6,13.9,13.5,13.8,9707954.72404725
2025-11-14 09:00:00,13.7,13.8,13.4,13.5,12488131.3716165
2025-11-14 13:00:00,13.5,13.6,13.1,13.5,15227357.91912403
2025-11-14 17:00:00,13.6,13.6,13.3,13.4,4190716.82524738
2025-11-14 21:00:00,13.4,13.8,13.2,13.7,10446677.22483558
2025-11-15 01:00:00,13.6,13.8,13.5,13.7,1555718.14569015
2025-11-15 05:00:00,13.8,13.8,13.4,13.5,5026915.94136609
2025-11-15 09:00:00,13.5,13.8,13.5,13.7,3210044.93003734
2025-11-15 13:00:00,13.7,13.8,13.7,13.7,1927781.60698704
2025-11-15 17:00:00,13.7,13.7,13.4,13.5,4017114.19812438
2025-11-15 21:00:00,13.5,13.6,13.5,13.6,2157738.09075149
2025-11-16 01:00:00,13.5,13.7,13.4,13.5,2444589.63828846
2025-11-16 05:00:00,13.5,13.5,13.3,13.5,1544466.48097803
2025-11-16 09:00:00,13.5,13.5,13.1,13.4,4845261.93540421
2025-11-16 13:00:00,13.3,13.5,13.3,13.4,2149459.14907902
2025-11-16 17:00:00,13.4,13.5,13.1,13.2,6927101.15006685
2025-11-16 21:00:00,13.1,13.3,12.9,13.0,3362102.49614682
2025-11-17 01:00:00,13.1,13.1,12.8,12.9,4886148.28480094
2025-11-17 05:00:00,12.9,13.2,12.7,13.2,3165251.93640545
2025-11-17 09:00:00,13.0,13.2,13.0,13.2,6440765.48045956
2025-11-17 13:00:00,13.2,13.3,13.0,13.1,6033489.81576915
2025-11-17 17:00:00,13.2,13.3,13.1,13.2,6253480.92559438
2025-11-17 21:00:00,13.1,13.4,12.8,13.1,4376727.98045769
2025-11-18 01:00:00,13.0,13.2,12.7,12.7,7985904.00430251
2025-11-18 05:00:00,12.7,12.8,12.6,12.7,2815836.03643821
2025-11-18 09:00:00,12.8,12.9,12.5,12.8,6097111.8969411
2025-11-18 13:00:00,12.8,12.9,12.5,12.6,4131950.42228793
2025-11-18 17:00:00,12.7,12.8,12.6,12.7,2894468.02121915
2025-11-18 21:00:00,12.6,12.9,12.6,12.8,2358581.66783272
2025-11-19 01:00:00,12.8,13.2,12.8,13.0,1289275.60064042
2025-11-19 05:00:00,13.0,13.0,12.8,12.9,1361651.28304789
2025-11-19 09:00:00,12.9,13.0,12.7,12.7,2224629.70279484
2025-11-19 13:00:00,12.7,12.8,12.5,12.8,2855557.21458026
2025-11-19 17:00:00,12.7,12.8,12.7,12.8,996314.82230994
2025-11-19 21:00:00,12.8,12.9,12.5,12.5,3651984.66665288
2025-11-20 01:00:00,12.5,12.6,12.1,12.2,7101842.9147953
2025-11-20 05:00:00,12.2,12.7,12.2,12.5,2221505.41850553
2025-11-20 09:00:00,12.6,12.8,12.6,12.7,3705842.58613559
2025-11-20 13:00:00,12.7,12.8,12.6,12.8,2682915.1498922
2025-11-20 17:00:00,12.8,12.8,12.5,12.7,2307206.7083849
2025-11-20 21:00:00,12.7,13.0,12.7,12.8,2436348.45655457
2025-11-21 01:00:00,12.7,12.7,12.1,12.2,8529980.72599115
2025-11-21 05:00:00,12.2,12.4,12.0,12.0,3132942.32014977
2025-11-21 09:00:00,12.2,12.4,11.9,12.1,13501984.41540899
2025-11-21 13:00:00,12.1,12.2,11.3,11.7,13684028.22984321
2025-11-21 17:00:00,11.7,11.8,11.3,11.4,9618028.95653568
2025-11-21 21:00:00,11.4,11.9,11.1,11.6,7992104.32157687
2025-11-22 01:00:00,11.6,12.2,11.5,12.0,5194611.94568327
2025-11-22 05:00:00,11.9,12.0,11.5,11.9,3834084.67189622
2025-11-22 09:00:00,12.0,12.1,11.8,11.9,2562243.87344353
2025-11-22 13:00:00,11.9,11.9,11.6,11.9,5783721.59851922
2025-11-22 17:00:00,11.9,11.9,11.5,11.6,6020646.24903403
2025-11-22 21:00:00,11.6,11.8,11.5,11.6,1121608.313615
2025-11-23 01:00:00,11.7,11.8,11.6,11.7,327674.86792802
2025-11-23 05:00:00,11.7,12.0,11.6,11.8,2668125.76844333
2025-11-23 09:00:00,11.7,12.1,11.7,12.0,3880585.79350674
2025-11-23 13:00:00,11.9,12.1,11.8,11.9,2944321.57047916
2025-11-23 17:00:00,11.9,12.1,11.9,12.0,9843995.39963073
2025-11-23 21:00:00,12.1,12.2,11.9,12.1,3741885.51599179
2025-11-24 01:00:00,12.1,12.2,11.9,12.1,3070356.56241003
2025-11-24 05:00:00,12.0,12.1,11.9,11.9,3146597.83907249
2025-11-24 09:00:00,12.0,12.1,11.7,12.0,12528977.17269061
2025-11-24 13:00:00,12.0,12.1,11.9,11.9,2372732.56466776
2025-11-24 17:00:00,11.9,11.9,11.7,11.9,2338351.89372467
2025-11-24 21:00:00,11.9,12.1,11.8,12.0,3779564.11220729
2025-11-25 01:00:00,12.1,12.4,12.0,12.4,2670449.77048538
2025-11-25 05:00:00,12.4,12.4,12.2,12.3,1229699.77091455
2025-11-25 09:00:00,12.3,12.8,12.2,12.2,33651535.61564798
2025-11-25 13:00:00,12.2,12.3,12.1,12.2,5905189.45722832
2025-11-25 17:00:00,12.2,12.3,11.9,12.1,13993448.71905619
2025-11-25 21:00:00,12.1,12.3,12.0,12.1,3616844.24072632
2025-11-26 01:00:00,12.2,12.4,12.1,12.2,1420402.12509097
2025-11-26 05:00:00,12.2,12.5,12.2,12.5,3930731.62259749
2025-11-26 09:00:00,12.5,12.5,12.3,12.3,6768002.75059382
2025-11-26 13:00:00,12.2,12.3,12.1,12.3,5121312.02278642
2025-11-26 17:00:00,12.3,12.3,12.1,12.1,5785535.87420639
2025-11-26 21:00:00,12.1,12.2,12.0,12.0,4141406.06903903
2025-11-27 01:00:00,12.1,12.3,12.1,12.2,1411113.73277365
2025-11-27 05:00:00,12.2,12.2,12.1,12.2,3020712.77349856
2025-11-27 09:00:00,12.1,12.3,12.1,12.1,3391611.92069994
2025-11-27 13:00:00,12.2,12.3,12.1,12.2,4088344.93220788
2025-11-27 17:00:00,12.1,12.4,12.1,12.4,6204147.35893657
2025-11-27 21:00:00,12.4,12.4,12.2,12.4,3856345.21510982
2025-11-28 01:00:00,12.4,12.6,12.4,12.5,2192802.23933669
2025-11-28 05:00:00,12.5,12.5,12.3,12.4,2877021.90863005
2025-11-28 09:00:00,12.4,13.1,12.3,12.8,20998003.92225663
2025-11-28 13:00:00,12.7,13.0,12.5,12.9,15082516.76277
2025-11-28 17:00:00,12.9,13.6,12.5,12.7,43978377.40096648
2025-11-28 21:00:00,12.7,12.8,12.2,12.4,10950555.35919796
2025-11-29 01:00:00,12.4,12.4,12.2,12.3,1275638.54067347
2025-11-29 05:00:00,12.4,12.4,12.2,12.2,1823100.02302606
2025-11-29 09:00:00,12.2,12.9,12.2,12.6,20658331.84167843
2025-11-29 13:00:00,12.7,13.6,12.6,12.7,46348701.8845759
2025-11-29 17:00:00,12.8,13.0,12.6,13.0,12456391.12770152
2025-11-29 21:00:00,12.9,13.2,12.7,12.8,13527753.46048076
2025-11-30 01:00:00,12.7,12.8,12.5,12.5,4021582.07209061
2025-11-30 05:00:00,12.5,12.6,12.3,12.5,4348695.63971221
2025-11-30 09:00:00,12.4,13.0,12.3,12.7,16236961.98899731
2025-11-30 13:00:00,12.7,12.9,12.5,12.7,12056427.88074999
2025-11-30 17:00:00,12.7,13.5,12.7,12.8,38903538.3836715
2025-11-30 21:00:00,12.8,13.0,12.3,12.4,12385767.05151501
2025-12-01 01:00:00,12.4,12.4,12.2,12.2,1565460.00441148
2025-12-01 05:00:00,12.2,12.4,12.1,12.3,2206888.31442751
2025-12-01 09:00:00,12.3,12.3,11.2,11.3,18239215.84354701
2025-12-01 13:00:00,11.2,11.3,10.8,11.2,14420972.38977605
2025-12-01 17:00:00,11.1,11.3,11.1,11.2,5601350.60258605
2025-12-01 21:00:00,11.2,11.3,10.9,11.1,7701563.46689269
2025-12-02 01:00:00,11.2,11.2,10.9,11.1,2585609.30312733
2025-12-02 05:00:00,11.1,11.3,11.1,11.2,1468082.46296001
2025-12-02 09:00:00,11.2,11.3,11.1,11.1,8154109.16892495
2025-12-02 13:00:00,11.2,11.3,11.1,11.3,2482615.19324897
2025-12-02 17:00:00,11.3,11.4,11.2,11.3,1925508.03551439
2025-12-02 21:00:00,11.4,11.9,11.3,11.7,5715759.53873536
2025-12-03 01:00:00,11.9,12.0,11.8,11.8,2491081.97729682
2025-12-03 05:00:00,11.8,11.8,11.5,11.6,6141738.23985623
2025-12-03 09:00:00,11.7,11.9,11.7,11.8,6136869.7051893
2025-12-03 13:00:00,11.9,12.1,11.8,11.9,3140330.19708414
2025-12-03 17:00:00,11.9,12.0,11.7,11.9,2183261.98182285
2025-12-03 21:00:00,11.8,11.9,11.6,11.7,2273904.13253551
2025-12-04 01:00:00,11.8,11.9,11.7,11.9,1063905.08806024
2025-12-04 05:00:00,11.8,12.0,11.7,11.9,838291.72833494
2025-12-04 09:00:00,11.9,12.0,11.7,11.9,4338113.11217067
2025-12-04 13:00:00,11.8,11.9,11.7,11.8,1153581.1998868
2025-12-04 17:00:00,11.8,12.0,11.7,11.8,4325484.54104459
2025-12-04 21:00:00,11.8,11.9,11.7,11.8,3283139.32022812
2025-12-05 01:00:00,11.7,11.8,11.4,11.6,824268.90972028
2025-12-05 05:00:00,11.6,11.6,11.4,11.5,1288165.33703999
2025-12-05 09:00:00,11.5,11.7,11.5,11.6,1801634.35848398
2025-12-05 13:00:00,11.6,11.7,11.5,11.7,4180802.25938624
2025-12-05 17:00:00,11.6,11.7,11.5,11.5,11997379.86515054
2025-12-05 21:00:00,11.5,11.8,11.5,11.6,12347900.63136634
2025-12-06 01:00:00,11.6,11.6,11.3,11.4,6074281.11651142
2025-12-06 05:00:00,11.3,11.5,11.3,11.5,2317060.25090039
2025-12-06 09:00:00,11.5,11.6,11.4,11.5,2496770.66520503
2025-12-06 13:00:00,11.5,11.6,11.4,11.5,2786719.0740402
2025-12-06 17:00:00,11.6,11.6,11.3,11.5,2375114.46533874
2025-12-06 21:00:00,11.5,11.5,11.4,11.5,3347659.55530458
2025-12-07 01:00:00,11.6,11.7,11.6,11.6,373498.02055219
2025-12-07 05:00:00,11.6,11.7,11.6,11.6,1803091.52780983
2025-12-07 09:00:00,11.6,11.7,11.5,11.6,3306715.80372694
2025-12-07 13:00:00,11.6,11.6,11.5,11.5,971901.23347597
2025-12-07 17:00:00,11.5,11.6,11.4,11.5,1741893.12263399
2025-12-07 21:00:00,11.5,11.5,11.1,11.5,9382336.51142824
2025-12-08 01:00:00,11.5,11.7,11.4,11.7,1047398.03313233
2025-12-08 05:00:00,11.6,11.7,11.2,11.3,3273757.02320096
2025-12-08 09:00:00,11.3,11.5,11.3,11.3,2880598.14427066
2025-12-08 13:00:00,11.3,11.5,11.3,11.4,1512295.08084357
2025-12-08 17:00:00,11.5,11.6,11.4,11.5,2507481.68694808
2025-12-08 21:00:00,11.6,11.7,11.5,11.5,417396.54467038
2025-12-09 01:00:00,11.5,11.7,11.5,11.6,847034.64147097
2025-12-09 05:00:00,11.6,11.6,11.5,11.6,1761167.60980883
2025-12-09 09:00:00,11.6,11.6,11.4,11.4,1406329.67613695
2025-12-09 13:00:00,11.5,11.5,11.3,11.3,4193492.78431179
2025-12-09 17:00:00,11.3,11.4,11.2,11.2,2202111.36249731
2025-12-09 21:00:00,11.3,11.8,11.3,11.7,11372972.47072602
2025-12-10 01:00:00,11.7,11.9,11.7,11.8,4208722.69820088
2025-12-10 05:00:00,11.7,11.8,11.5,11.6,5936253.57068425
2025-12-10 09:00:00,11.6,11.9,11.6,11.8,23303028.27563964
2025-12-10 13:00:00,11.7,11.8,11.5,11.5,9953006.84232338
2025-12-10 17:00:00,11.6,11.6,11.4,11.5,5319134.51253459
2025-12-10 21:00:00,11.5,11.7,11.4,11.5,4850683.72565137
2025-12-11 01:00:00,11.5,11.8,11.5,11.8,7714226.05173111
2025-12-11 05:00:00,11.8,11.8,11.4,11.4,3743728.37249577
2025-12-11 09:00:00,11.4,11.4,11.0,11.1,8593320.3948241
2025-12-11 13:00:00,11.0,11.1,11.0,11.0,3369429.11759971
2025-12-11 17:00:00,11.0,11.1,11.0,11.1,660763.13596693
2025-12-11 21:00:00,11.1,11.2,11.0,11.0,7176405.63874097
2025-12-12 01:00:00,11.0,11.2,11.0,11.1,2225768.22628323
2025-12-12 05:00:00,11.1,11.3,11.0,11.1,3191177.7610626
2025-12-12 09:00:00,11.1,11.2,10.9,11.1,3309673.61313825
2025-12-12 13:00:00,11.1,11.2,11.0,11.2,2918274.64180369
2025-12-12 17:00:00,11.2,11.2,11.0,11.2,2532131.23197331
2025-12-12 21:00:00,11.1,11.2,10.7,10.7,5674823.51231054
2025-12-13 01:00:00,10.9,11.0,10.7,10.9,4293951.95428819
2025-12-13 05:00:00,11.0,11.1,10.9,11.1,1650495.11756247
2025-12-13 09:00:00,11.0,11.2,11.0,11.1,3736763.07630213
2025-12-13 13:00:00,11.1,11.1,11.0,11.1,848630.15047379
2025-12-13 17:00:00,11.1,11.1,11.0,11.1,3289912.39894796
2025-12-13 21:00:00,11.0,11.2,11.0,11.2,1647509.17046579
2025-12-14 01:00:00,11.2,11.2,11.1,11.1,2220725.81789961
2025-12-14 05:00:00,11.1,11.2,11.0,11.1,1288232.02376883
2025-12-14 09:00:00,11.1,11.1,11.0,11.1,2403911.99822308
2025-12-14 13:00:00,11.0,11.1,11.0,11.0,3434366.83497478
2025-12-14 17:00:00,11.0,11.1,10.8,10.9,4671074.83626932
2025-12-14 21:00:00,10.9,11.0,10.8,10.8,4919031.38545984
2025-12-15 01:00:00,10.7,10.9,10.6,10.7,4064292.42649245
2025-12-15 05:00:00,10.7,10.8,10.5,10.6,8500599.39767405
2025-12-15 09:00:00,10.6,10.8,10.5,10.7,10164433.48706156
2025-12-15 13:00:00,10.7,10.8,10.6,10.7,2499201.7064933
2025-12-15 17:00:00,10.6,10.7,10.6,10.6,1140074.69447885
2025-12-15 21:00:00,10.6,10.7,10.3,10.3,4546068.5026777
2025-12-16 01:00:00,10.3,10.4,10.1,10.3,4954925.38228884
2025-12-16 05:00:00,10.3,10.4,10.2,10.3,10144227.75843846
2025-12-16 09:00:00,10.3,10.4,10.1,10.2,5423620.89209562
2025-12-16 13:00:00,10.2,10.3,10.1,10.2,3191776.51040443
2025-12-16 17:00:00,10.2,10.4,10.1,10.4,2768583.07612553
2025-12-16 21:00:00,10.4,10.4,10.2,10.3,925270.07974783
2025-12-17 01:00:00,10.3,10.3,10.2,10.3,320428.29708354
2025-12-17 05:00:00,10.3,10.3,10.3,10.3,1411973.6129954
2025-12-17 09:00:00,10.3,10.3,10.1,10.1,1724478.92080715
2025-12-17 13:00:00,10.2,10.2,9.99,10.1,3928318.33621971
2025-12-17 17:00:00,10.0,10.1,9.98,10.1,3026926.2565641
2025-12-17 21:00:00,10.0,10.3,9.9,9.92,7737692.40884948
2025-12-18 01:00:00,9.92,9.95,9.48,9.53,14641287.81294416
2025-12-18 05:00:00,9.57,9.63,9.44,9.5,7159103.42875208
2025-12-18 09:00:00,9.49,9.5,9.31,9.36,6482578.54192844
2025-12-18 13:00:00,9.36,9.37,9.31,9.31,2179358.53210369
2025-12-18 17:00:00,9.27,9.41,9.27,9.41,2151277.2263322
2025-12-18 21:00:00,9.41,9.65,9.39,9.53,5243595.06775288
2025-12-19 01:00:00,9.5,9.5,8.97,9.01,6459833.97100583
2025-12-19 05:00:00,8.98,9.23,8.98,9.18,4173194.35034978
2025-12-19 09:00:00,9.21,9.43,9.05,9.36,4412298.80020212
2025-12-19 13:00:00,9.34,9.47,9.33,9.44,1957744.61084087
2025-12-19 17:00:00,9.46,9.46,9.35,9.41,3907573.37154997
2025-12-19 21:00:00,9.39,9.6,9.38,9.47,1879411.79369403
2025-12-20 01:00:00,9.53,9.68,9.45,9.68,763535.62937066
2025-12-20 05:00:00,9.68,9.72,9.65,9.72,2130850.70209819
2025-12-20 09:00:00,9.73,9.75,9.65,9.74,1239030.87079525
2025-12-20 13:00:00,9.74,9.8,9.7,9.8,1292098.23828041
2025-12-20 17:00:00,9.8,9.95,9.77,9.91,5603000.73180508
2025-12-20 21:00:00,9.9,9.92,9.76,9.82,5223368.19930399
2025-12-21 01:00:00,9.83,9.84,9.76,9.77,2036731.1074976
2025-12-21 05:00:00,9.82,9.82,9.78,9.81,897270.40644495
2025-12-21 09:00:00,9.81,9.82,9.65,9.74,2789136.36924974
2025-12-21 13:00:00,9.73,10.1,9.7,9.94,23117660.26111385
2025-12-21 17:00:00,9.94,9.94,9.76,9.8,8701032.69512371
2025-12-21 21:00:00,9.81,9.83,9.45,9.51,9386891.95144074
2025-12-22 01:00:00,9.57,9.6,9.5,9.58,1508691.54163143
2025-12-22 05:00:00,9.56,9.67,9.5,9.58,1479092.27214329
2025-12-22 09:00:00,9.63,9.72,9.52,9.66,5746989.04193807
2025-12-22 13:00:00,9.66,9.72,9.64,9.69,863406.67862236
2025-12-22 17:00:00,9.69,9.81,9.68,9.75,5176920.81619347
2025-12-22 21:00:00,9.77,9.88,9.74,9.81,3750007.59114384
2025-12-23 01:00:00,9.81,9.84,9.7,9.72,927872.83909976
2025-12-23 05:00:00,9.66,9.82,9.63,9.82,1984748.0830248
2025-12-23 09:00:00,9.79,9.84,9.69,9.73,3525765.02539333
2025-12-23 13:00:00,9.77,9.77,9.55,9.55,1882369.98311593
2025-12-23 17:00:00,9.59,9.63,9.55,9.62,564918.56706247
2025-12-23 21:00:00,9.6,9.6,9.17,9.37,6436826.34269497
2025-12-24 01:00:00,9.4,9.49,9.35,9.48,1657459.90696973
2025-12-24 05:00:00,9.49,9.51,9.4,9.44,2066205.86876569
2025-12-24 09:00:00,9.45,9.45,9.17,9.27,8122591.2089769
2025-12-24 13:00:00,9.27,9.29,9.09,9.15,5716256.00414111
2025-12-24 17:00:00,9.15,9.18,9.12,9.18,3838585.45574588
2025-12-24 21:00:00,9.18,9.23,9.12,9.19,5254803.97963584
2025-12-25 01:00:00,9.21,9.27,9.2,9.26,831837.47901881
2025-12-25 05:00:00,9.26,9.35,9.26,9.33,2273427.3429193
2025-12-25 09:00:00,9.34,9.39,9.33,9.39,1316935.9639918
2025-12-25 13:00:00,9.39,9.42,9.37,9.41,1999969.89930546
2025-12-25 17:00:00,9.41,9.47,9.33,9.36,2273924.52393012
2025-12-25 21:00:00,9.34,9.4,9.31,9.4,2562568.38577144
2025-12-26 01:00:00,9.4,9.41,9.36,9.4,155289.01426683
2025-12-26 05:00:00,9.39,9.41,9.14,9.17,2995167.47312963
2025-12-26 09:00:00,9.15,9.33,9.12,9.23,5891453.86489389
2025-12-26 13:00:00,9.21,9.31,9.2,9.23,4595361.27133995
2025-12-26 17:00:00,9.22,9.29,9.21,9.25,1047955.15134371
2025-12-26 21:00:00,9.27,9.27,9.12,9.13,3185268.09208858
2025-12-27 01:00:00,9.15,9.25,9.11,9.25,1448197.6998474
2025-12-27 05:00:00,9.25,9.26,9.07,9.19,3605958.77489517
2025-12-27 09:00:00,9.19,9.28,9.18,9.28,806471.77246155
2025-12-27 13:00:00,9.28,9.28,9.25,9.26,71925.16919133
2025-12-27 17:00:00,9.24,9.37,9.16,9.37,6517492.83730987
2025-12-27 21:00:00,9.36,9.69,9.33,9.39,60432543.51316908
2025-12-28 01:00:00,9.41,9.6,9.39,9.5,6781939.36966166
2025-12-28 05:00:00,9.45,9.82,9.4,9.74,21153730.05150285
2025-12-28 09:00:00,9.74,9.75,9.61,9.66,10919770.81269278
2025-12-28 13:00:00,9.69,9.91,9.62,9.91,14109863.7934388
2025-12-28 17:00:00,9.86,9.89,9.56,9.61,15877760.30898115
2025-12-28 21:00:00,9.61,9.64,9.56,9.6,3194409.00215318
2025-12-29 01:00:00,9.6,9.6,9.38,9.42,6715777.16696122
2025-12-29 05:00:00,9.4,9.47,9.37,9.47,5281438.33541026
2025-12-29 09:00:00,9.46,9.55,9.41,9.55,7855626.21474384
2025-12-29 13:00:00,9.53,9.55,9.42,9.47,6021560.43720712
2025-12-29 17:00:00,9.46,9.47,9.3,9.35,5884119.880285
2025-12-29 21:00:00,9.35,9.35,9.23,9.33,9804036.84342532
2025-12-30 01:00:00,9.33,9.33,9.27,9.28,568457.56336583
2025-12-30 05:00:00,9.28,9.32,9.26,9.29,289920.60310984
2025-12-30 09:00:00,9.29,9.34,9.17,9.23,23589773.97736114
2025-12-30 13:00:00,9.23,9.32,9.17,9.29,6254256.35661375
2025-12-30 17:00:00,9.28,9.41,9.28,9.36,3726952.34633543
2025-12-30 21:00:00,9.37,9.45,9.28,9.4,11986035.27244349
2025-12-31 01:00:00,9.4,9.44,9.32,9.34,2029264.62470895
2025-12-31 05:00:00,9.34,9.35,9.21,9.31,6088908.48769175
2025-12-31 09:00:00,9.31,9.35,9.24,9.28,8716874.75924525
2025-12-31 13:00:00,9.3,9.33,9.19,9.2,3386038.81069771
2025-12-31 17:00:00,9.23,9.31,9.2,9.26,7158691.86113773
2025-12-31 21:00:00,9.24,9.24,9.14,9.2,3893447.6702746
2026-01-01 01:00:00,9.18,9.19,8.97,9.05,5580293.82776758
2026-01-01 05:00:00,9.06,9.18,9.05,9.09,1345579.84230643
2026-01-01 09:00:00,9.12,9.16,9.09,9.11,3218018.35792647
2026-01-01 13:00:00,9.1,9.18,9.05,9.14,5540073.53836439
2026-01-01 17:00:00,9.14,9.2,9.14,9.2,1930648.89155049
2026-01-01 21:00:00,9.2,9.32,9.18,9.27,3443751.97382803
2026-01-02 01:00:00,9.33,9.47,9.31,9.47,1397798.8999621
2026-01-02 05:00:00,9.47,9.49,9.42,9.47,3587439.9856087
2026-01-02 09:00:00,9.46,9.59,9.42,9.59,13987429.18291444
2026-01-02 13:00:00,9.59,9.66,9.5,9.52,4974744.57570454
2026-01-02 17:00:00,9.52,9.64,9.52,9.56,9965871.37244026
2026-01-02 21:00:00,9.55,9.65,9.5,9.58,4683970.76720541
2026-01-03 01:00:00,9.6,9.73,9.57,9.72,3501710.55528611
2026-01-03 05:00:00,9.72,9.83,9.66,9.82,2517664.69349889
2026-01-03 09:00:00,9.82,9.92,9.76,9.92,6655130.68174468
2026-01-03 13:00:00,9.91,9.92,9.55,9.58,6106277.86300496
2026-01-03 17:00:00,9.6,9.7,9.58,9.68,5277477.53074736
2026-01-03 21:00:00,9.68,9.78,9.68,9.74,1591792.47043854
2026-01-04 01:00:00,9.72,9.82,9.71,9.79,757288.95455973
2026-01-04 05:00:00,9.78,9.84,9.76,9.8,1289383.13663655
2026-01-04 09:00:00,9.8,10.2,9.8,10.1,82502995.06324305
2026-01-04 13:00:00,10.0,10.2,9.99,10.0,15330237.67502408
2026-01-04 17:00:00,10.0,10.1,9.94,9.99,9530060.85558959
2026-01-04 21:00:00,10.0,10.1,9.8,10.1,5935469.23451826
2026-01-05 01:00:00,10.0,10.1,9.93,9.96,2508550.19829792
2026-01-05 05:00:00,9.99,10.1,9.99,10.0,1884747.22097855
2026-01-05 09:00:00,10.0,10.2,9.93,10.1,15809352.34500805
2026-01-05 13:00:00,10.1,10.1,9.89,10.0,13953928.70640148
2026-01-05 17:00:00,10.1,10.2,10.0,10.1,4158368.14583398
2026-01-05 21:00:00,10.1,10.8,10.1,10.7,57554848.03019353
2026-01-06 01:00:00,10.6,10.7,10.4,10.6,7715115.73428883
2026-01-06 05:00:00,10.6,10.6,10.4,10.5,9111661.84860885
2026-01-06 09:00:00,10.5,10.7,10.4,10.7,11086477.47825747
2026-01-06 13:00:00,10.6,11.0,10.6,10.6,26690630.65645878
2026-01-06 17:00:00,10.6,10.7,10.5,10.7,22473884.91488536
2026-01-06 21:00:00,10.6,11.0,10.6,10.7,14810745.03840898
2026-01-07 01:00:00,10.8,10.8,10.3,10.6,8132724.43377817
2026-01-07 05:00:00,10.5,10.8,10.5,10.8,3021584.35710707
2026-01-07 09:00:00,10.8,11.0,10.6,10.7,14964602.76823134
2026-01-07 13:00:00,10.6,10.8,10.5,10.7,9311727.91125114
2026-01-07 17:00:00,10.7,10.8,10.6,10.7,9380432.46504944
2026-01-07 21:00:00,10.7,10.7,10.4,10.5,12337817.37535154
2026-01-08 01:00:00,10.5,10.7,10.4,10.5,698253.20996175
2026-01-08 05:00:00,10.5,10.6,10.4,10.5,2641159.20236745
2026-01-08 09:00:00,10.5,11.1,10.4,10.8,99670005.62084688
2026-01-08 13:00:00,10.7,11.2,10.7,10.9,70868939.52125712
2026-01-08 17:00:00,10.8,11.0,10.5,10.6,34357438.70292876
2026-01-08 21:00:00,10.6,10.9,10.4,10.9,25612631.85400694
2026-01-09 01:00:00,10.8,10.8,10.7,10.7,5822434.69752425
2026-01-09 05:00:00,10.7,10.9,10.6,10.9,12297974.15068263
2026-01-09 09:00:00,10.9,10.9,10.5,10.7,33967490.35118215
2026-01-09 13:00:00,10.7,10.9,10.6,10.7,10311895.08694136
2026-01-09 17:00:00,10.7,10.8,10.5,10.7,6915312.91164579
2026-01-09 21:00:00,10.7,10.9,10.6,10.8,7201434.25843727
2026-01-10 01:00:00,10.9,10.9,10.6,10.7,4203723.76920615
2026-01-10 05:00:00,10.7,10.8,10.6,10.8,3249924.30899363
2026-01-10 09:00:00,10.7,10.7,10.5,10.7,21227500.9556095
2026-01-10 13:00:00,10.6,10.8,10.5,10.8,7191807.34420547
2026-01-10 17:00:00,10.8,10.9,10.6,10.7,13200837.56930727
2026-01-10 21:00:00,10.6,10.8,10.6,10.8,6246144.56242479
2026-01-11 01:00:00,10.8,10.8,10.7,10.8,732339.960309
2026-01-11 05:00:00,10.8,10.8,10.7,10.7,1393350.59711508
2026-01-11 09:00:00,10.6,11.1,10.6,10.7,54437214.69012438
2026-01-11 13:00:00,10.7,10.8,10.7,10.8,5347578.4781156
2026-01-11 17:00:00,10.8,10.8,10.6,10.7,8706703.94363937
2026-01-11 21:00:00,10.7,10.7,10.4,10.4,17381440.27790844
2026-01-12 01:00:00,10.5,10.6,10.4,10.6,1046077.35392975
2026-01-12 05:00:00,10.5,10.5,10.2,10.4,4189887.79066819
2026-01-12 09:00:00,10.3,10.7,10.2,10.5,38276517.63230989
2026-01-12 13:00:00,10.6,10.6,10.3,10.3,16702908.13959627
2026-01-12 17:00:00,10.3,10.4,10.1,10.3,10913079.79513526
2026-01-12 21:00:00,10.2,10.3,10.1,10.3,3037454.15760231
2026-01-13 01:00:00,10.3,10.4,10.1,10.2,2988755.84744231
2026-01-13 05:00:00,10.2,10.2,10.1,10.2,2992704.16673528
2026-01-13 09:00:00,10.2,10.4,10.1,10.3,4301154.68158011
2026-01-13 13:00:00,10.3,10.4,10.3,10.4,4330841.26637091
2026-01-13 17:00:00,10.3,10.5,10.3,10.3,7845703.58935724
2026-01-13 21:00:00,10.4,10.7,10.4,10.7,10020888.80271192
2026-01-14 01:00:00,10.7,10.8,10.6,10.8,6553040.58364543
2026-01-14 05:00:00,10.8,11.0,10.6,10.9,8828299.16721649
2026-01-14 09:00:00,10.9,11.0,10.8,10.9,12120599.83418373
2026-01-14 13:00:00,10.9,10.9,10.7,10.7,14632398.75572372
2026-01-14 17:00:00,10.7,10.8,10.7,10.7,3686687.59954786
2026-01-14 21:00:00,10.7,10.9,10.7,10.9,4412374.37283497
2026-01-15 01:00:00,10.9,10.9,10.6,10.8,2949493.75173487
2026-01-15 05:00:00,10.7,10.8,10.6,10.7,3539048.76815429
2026-01-15 09:00:00,10.7,10.8,10.4,10.4,11518977.66926365
2026-01-15 13:00:00,10.5,10.6,10.4,10.6,10647217.36027015
2026-01-15 17:00:00,10.5,10.6,10.5,10.5,3655796.41569187
2026-01-15 21:00:00,10.4,10.5,10.1,10.2,10093719.88187227
2026-01-16 01:00:00,10.2,10.3,10.0,10.1,2314845.87613443
2026-01-16 05:00:00,10.1,10.3,10.0,10.2,1983988.9961035
2026-01-16 09:00:00,10.2,10.3,10.2,10.2,9404459.61041634
2026-01-16 13:00:00,10.2,10.3,10.1,10.2,4245487.29954088
2026-01-16 17:00:00,10.3,10.4,10.2,10.3,6610764.75193619
2026-01-16 21:00:00,10.2,10.4,10.2,10.2,4178976.26619083
2026-01-17 01:00:00,10.2,10.3,10.2,10.3,796800.39270071
2026-01-17 05:00:00,10.2,10.5,10.2,10.4,1022481.13777067
2026-01-17 09:00:00,10.4,10.5,10.3,10.3,3734882.35122481
2026-01-17 13:00:00,10.4,10.5,10.3,10.5,6004151.75364624
2026-01-17 17:00:00,10.4,10.7,10.4,10.5,7295550.83856755
2026-01-17 21:00:00,10.5,11.0,10.5,10.9,16386568.08950928
2026-01-18 01:00:00,10.9,11.0,10.7,10.8,9400279.50710219
2026-01-18 05:00:00,10.9,10.9,10.7,10.8,2482568.89906727
2026-01-18 09:00:00,10.7,10.9,10.6,10.7,8405572.80682556
2026-01-18 13:00:00,10.7,10.7,10.5,10.6,4437815.289603
2026-01-18 17:00:00,10.6,10.7,10.5,10.6,8048312.21676853
2026-01-18 21:00:00,10.6,10.6,10.4,10.5,5606301.93536683
2026-01-19 01:00:00,10.4,10.6,10.4,10.5,3911533.3144499
2026-01-19 05:00:00,10.5,10.6,10.0,10.1,14205316.76276358
2026-01-19 09:00:00,10.0,10.1,9.33,9.62,45772615.78356259
2026-01-19 13:00:00,9.64,9.64,9.55,9.59,9368151.12977762
2026-01-19 17:00:00,9.61,9.67,9.55,9.61,1748669.85688119
2026-01-19 21:00:00,9.62,9.66,9.56,9.6,2515109.20016517
2026-01-20 01:00:00,9.59,9.74,9.59,9.69,1622676.74148859
2026-01-20 05:00:00,9.75,9.79,9.68,9.77,1674899.1325247
2026-01-20 09:00:00,9.8,9.8,9.59,9.64,9997764.2220854
2026-01-20 13:00:00,9.64,9.68,9.46,9.46,9698433.15451091
2026-01-20 17:00:00,9.45,9.48,9.35,9.43,5957030.94985888
2026-01-20 21:00:00,9.43,9.5,9.35,9.36,4460965.18990672
2026-01-21 01:00:00,9.38,9.39,9.25,9.34,3649385.92627584
2026-01-21 05:00:00,9.32,9.4,9.11,9.18,15613398.3995519
2026-01-21 09:00:00,9.18,9.45,9.15,9.4,4130537.06933018
2026-01-21 13:00:00,9.4,9.44,9.35,9.35,3596409.73004786
2026-01-21 17:00:00,9.36,9.36,9.18,9.18,2811509.39580843
2026-01-21 21:00:00,9.18,9.35,9.07,9.32,7748327.80165494
2026-01-22 01:00:00,9.34,9.51,9.07,9.46,4956469.20511103
2026-01-22 05:00:00,9.41,9.75,9.41,9.63,5009160.51126834
2026-01-22 09:00:00,9.65,10.1,9.65,9.99,13321595.5040032
2026-01-22 13:00:00,9.99,10.0,9.65,9.68,5521971.788932
2026-01-22 17:00:00,9.69,9.72,9.61,9.62,2777232.60772885
2026-01-22 21:00:00,9.62,9.65,9.37,9.44,6898640.10633916
2026-01-23 01:00:00,9.45,9.48,9.41,9.43,239686.87192647
2026-01-23 05:00:00,9.43,9.47,9.38,9.45,1250450.15164735
2026-01-23 09:00:00,9.45,9.53,9.42,9.51,3507393.16330385
2026-01-23 13:00:00,9.49,9.61,9.49,9.52,7283042.24130933
2026-01-23 17:00:00,9.5,9.56,9.48,9.54,10125377.15702347
2026-01-23 21:00:00,9.54,9.58,9.41,9.51,7586042.04610506
2026-01-24 01:00:00,9.54,9.7,9.37,9.37,8560991.20502077
2026-01-24 05:00:00,9.36,9.4,9.29,9.33,3714154.94011404
2026-01-24 09:00:00,9.38,9.39,9.33,9.35,4449281.24281501
2026-01-24 13:00:00,9.4,9.42,9.35,9.37,3984888.26463884
2026-01-24 17:00:00,9.36,9.43,9.34,9.36,3510919.02088884
2026-01-24 21:00:00,9.39,9.4,9.3,9.3,5828730.93326849
2026-01-25 01:00:00,9.31,9.34,9.25,9.26,4796017.57074762
2026-01-25 05:00:00,9.26,9.3,9.25,9.3,926294.64586543
2026-01-25 09:00:00,9.3,9.33,9.18,9.23,9070924.37195917
2026-01-25 13:00:00,9.19,9.3,9.17,9.27,7641178.92226637
2026-01-25 17:00:00,9.27,9.3,9.22,9.25,7763055.03693714
2026-01-25 21:00:00,9.25,9.25,9.11,9.16,8940813.72230392
2026-01-26 01:00:00,9.16,9.16,8.75,8.8,17952953.67540589
2026-01-26 05:00:00,8.85,8.96,8.8,8.96,3464365.37222723
2026-01-26 09:00:00,8.96,9.2,8.87,8.94,19461463.86183707
2026-01-26 13:00:00,8.94,9.05,8.92,8.96,9592044.70915336
2026-01-26 17:00:00,8.99,9.0,8.89,8.97,4130901.20988739
2026-01-26 21:00:00,8.99,9.11,8.92,9.01,8272572.98871056
2026-01-27 01:00:00,9.0,9.07,8.97,9.03,2090811.06713183
2026-01-27 05:00:00,9.02,9.08,8.97,9.08,3512008.32546084
2026-01-27 09:00:00,9.05,9.13,9.02,9.04,5082781.8948967
2026-01-27 13:00:00,9.04,9.05,8.99,9.0,3604465.15991897
2026-01-27 17:00:00,8.99,9.06,8.98,9.06,3284885.9218092
2026-01-27 21:00:00,9.01,9.02,8.85,8.93,7384681.54332902
2026-01-28 01:00:00,8.97,9.01,8.81,9.01,2312056.84915709
2026-01-28 05:00:00,8.97,9.03,8.95,8.99,1447879.99255123
2026-01-28 09:00:00,8.99,9.01,8.86,8.87,6937254.68920492
2026-01-28 13:00:00,8.88,8.88,8.81,8.85,4916398.4841343
2026-01-28 17:00:00,8.83,9.13,8.8,8.96,6862146.80606186
2026-01-28 21:00:00,8.96,8.96,8.77,8.79,6291020.64268458
2026-01-29 01:00:00,8.79,8.84,8.74,8.74,3440926.47173964
2026-01-29 05:00:00,8.83,8.83,8.74,8.75,3654099.22452404
2026-01-29 09:00:00,8.79,9.68,8.54,8.58,238164579.6739709
2026-01-29 13:00:00,8.57,8.64,8.53,8.63,10325440.82989802
2026-01-29 17:00:00,8.6,8.62,8.47,8.52,13160778.69236343
2026-01-29 21:00:00,8.51,8.54,8.2,8.35,19537019.68784132
2026-01-30 01:00:00,8.32,8.45,8.23,8.33,3681219.29646093
2026-01-30 05:00:00,8.3,8.45,8.3,8.41,3949805.59714129
2026-01-30 09:00:00,8.41,8.41,8.04,8.16,29783571.62080216
2026-01-30 13:00:00,8.15,8.22,8.03,8.14,12359014.09370936
2026-01-30 17:00:00,8.18,8.24,8.07,8.24,4399466.20622245
2026-01-30 21:00:00,8.25,8.29,8.12,8.25,3884726.11042881
2026-01-31 01:00:00,8.21,8.36,8.08,8.31,1185746.32841286
2026-01-31 05:00:00,8.25,8.3,8.21,8.25,812322.45280426
2026-01-31 09:00:00,8.28,8.28,8.13,8.19,12841394.89506463
2026-01-31 13:00:00,8.18,8.2,8.05,8.12,7159503.45313111
2026-01-31 17:00:00,8.12,8.12,7.95,8.04,8012473.15245679
2026-01-31 21:00:00,8.04,8.04,7.57,7.62,27196225.91714655
2026-02-01 01:00:00,7.61,7.69,6.94,7.28,21376226.55463329
2026-02-01 05:00:00,7.27,7.51,7.19,7.5,3016917.50799232
2026-02-01 09:00:00,7.52,7.57,7.44,7.56,20562823.22356505
2026-02-01 13:00:00,7.57,7.64,7.53,7.56,15688578.00649195
2026-02-01 17:00:00,7.59,7.82,7.51,7.57,35393581.90930922
2026-02-01 21:00:00,7.56,7.87,7.28,7.39,81878936.69953156
2026-02-02 01:00:00,7.37,7.5,7.31,7.39,3632117.66517793
2026-02-02 05:00:00,7.35,7.41,7.2,7.35,8792029.68318313
2026-02-02 09:00:00,7.29,7.55,7.14,7.4,30312747.72246488
2026-02-02 13:00:00,7.37,7.42,7.11,7.31,21584978.58706775
2026-02-02 17:00:00,7.31,7.41,7.27,7.29,27402003.19364232
2026-02-02 21:00:00,7.32,7.76,7.3,7.62,268525606.3097774
2026-02-03 01:00:00,7.62,7.69,7.5,7.5,21796001.46137661
2026-02-03 05:00:00,7.5,7.69,7.49,7.69,27767701.76022909
2026-02-03 09:00:00,7.69,7.76,7.42,7.57,112586055.77070518
2026-02-03 13:00:00,7.55,9.71,7.54,8.99,2280360286.424541
2026-02-03 17:00:00,8.95,9.32,8.1,8.84,2994456868.8098235
2026-02-03 21:00:00,8.84,9.68,8.54,8.83,2824900662.9732785
2026-02-04 01:00:00,8.81,8.96,8.2,8.42,268076482.00243044
2026-02-04 05:00:00,8.43,8.98,8.27,8.71,347104528.65236104
2026-02-04 09:00:00,8.69,9.48,8.05,8.3,1916688195.0657413
2026-02-04 13:00:00,8.31,8.45,7.97,8.02,268457488.8065922
2026-02-04 17:00:00,8.02,8.09,7.88,7.96,207331731.6842446
2026-02-04 21:00:00,7.94,7.99,7.68,7.77,182166042.5431462
2026-02-05 01:00:00,7.77,7.89,7.67,7.89,40204804.28198938
2026-02-05 05:00:00,7.86,7.89,7.66,7.8,71952609.04452482
2026-02-05 09:00:00,7.79,7.85,7.4,7.43,222502371.752681
2026-02-05 13:00:00,7.43,7.45,7.26,7.34,73335594.00305802
2026-02-05 17:00:00,7.36,7.58,7.21,7.25,52376179.39578046
2026-02-05 21:00:00,7.25,7.43,6.95,7.02,140670141.7705067
2026-02-06 01:00:00,7.06,7.13,6.82,6.82,31781048.52794671
2026-02-06 05:00:00,6.83,6.85,6.4,6.41,53337470.9307442
2026-02-06 09:00:00,6.43,6.76,5.87,6.59,86046642.3594171
2026-02-06 13:00:00,6.59,6.85,6.57,6.75,28669850.10541498
2026-02-06 17:00:00,6.78,6.87,6.69,6.83,21268630.37822907
2026-02-06 21:00:00,6.77,7.02,6.72,7.0,25137221.00525378
2026-02-07 01:00:00,6.97,7.27,6.95,7.08,15725203.97674355
2026-02-07 05:00:00,7.05,7.23,7.03,7.12,18522171.89368147
2026-02-07 09:00:00,7.12,7.18,6.91,7.11,42135070.14428499
2026-02-07 13:00:00,7.11,7.16,6.68,6.83,56292194.82485506
2026-02-07 17:00:00,6.81,6.95,6.78,6.82,24443367.78603885
2026-02-07 21:00:00,6.83,7.02,6.83,6.92,8479877.48898798
2026-02-08 01:00:00,6.97,7.05,6.89,7.04,5138215.16970651
2026-02-08 05:00:00,7.0,7.04,6.96,7.03,1418471.35336184
2026-02-08 09:00:00,7.02,7.12,6.93,6.95,16651587.99059728
2026-02-08 13:00:00,6.93,6.95,6.8,6.86,13122652.52929124
2026-02-08 17:00:00,6.83,7.35,6.8,7.02,222248388.4199709
2026-02-08 21:00:00,6.99,7.03,6.9,6.94,29412824.14357055
2026-02-09 01:00:00,6.94,6.94,6.8,6.86,8672039.84603133
2026-02-09 05:00:00,6.86,6.93,6.78,6.84,7793975.92260547
2026-02-09 09:00:00,6.84,7.03,6.79,6.87,112276741.19354376
2026-02-09 13:00:00,6.87,6.89,6.79,6.81,16944845.49612014
2026-02-09 17:00:00,6.8,6.82,6.51,6.6,30697024.84955813
2026-02-09 21:00:00,6.6,6.69,6.5,6.67,21941200.48139012
2026-02-10 01:00:00,6.65,6.78,6.62,6.71,7188574.42169587
2026-02-10 05:00:00,6.71,6.73,6.63,6.7,3785242.40520361
2026-02-10 09:00:00,6.69,6.69,6.48,6.52,22187113.9803882
2026-02-10 13:00:00,6.53,6.6,6.46,6.54,11766240.20559047
2026-02-10 17:00:00,6.54,6.59,6.52,6.52,10678473.91767497
2026-02-10 21:00:00,6.52,6.6,6.47,6.6,7750330.79448672
2026-02-11 01:00:00,6.56,6.6,6.48,6.6,3140481.35265616
2026-02-11 05:00:00,6.57,6.59,6.53,6.55,3014461.565415
2026-02-11 09:00:00,6.55,6.62,6.48,6.52,18171918.20068234
2026-02-11 13:00:00,6.52,6.52,6.31,6.35,9901757.45877245
2026-02-11 17:00:00,6.35,6.37,6.27,6.37,7131836.56162344
2026-02-11 21:00:00,6.38,6.61,6.35,6.38,12173906.29169417
2026-02-12 01:00:00,6.4,6.57,6.35,6.52,4424290.55408615
2026-02-12 05:00:00,6.5,6.61,6.46,6.55,5064532.18197216
2026-02-12 09:00:00,6.55,6.65,6.55,6.62,12992181.10844633
2026-02-12 13:00:00,6.6,6.73,6.6,6.72,6850367.72645428
2026-02-12 17:00:00,6.72,6.8,6.69,6.79,6615798.64999161
2026-02-12 21:00:00,6.76,6.77,6.65,6.69,12264233.03441834
2026-02-13 01:00:00,6.62,6.66,6.53,6.65,7506002.72765757
2026-02-13 05:00:00,6.6,6.72,6.56,6.69,4656500.44370186
2026-02-13 09:00:00,6.69,6.7,6.59,6.63,9193609.03229663
2026-02-13 13:00:00,6.63,6.66,6.55,6.63,8382150.54982586
2026-02-13 17:00:00,6.64,6.72,6.64,6.71,9979543.60536758
2026-02-13 21:00:00,6.7,6.78,6.66,6.72,37191100.50392817
2026-02-14 01:00:00,6.71,6.8,6.71,6.75,7619193.06381592
2026-02-14 05:00:00,6.79,6.82,6.77,6.78,6271232.86243114
2026-02-14 09:00:00,6.78,6.85,6.76,6.85,27932898.6592822
2026-02-14 13:00:00,6.84,7.02,6.82,6.99,47453343.74721191
2026-02-14 17:00:00,6.99,7.05,6.88,6.95,45094965.77776889
2026-02-14 21:00:00,6.96,6.99,6.88,6.94,8294250.34570847
2026-02-15 01:00:00,6.98,7.11,6.94,7.11,4702094.84292703
2026-02-15 05:00:00,7.11,7.11,7.02,7.05,6375449.56327787
2026-02-15 09:00:00,7.05,7.11,6.94,7.02,27526303.77684971
2026-02-15 13:00:00,7.02,7.1,7.0,7.08,7656871.46226881
2026-02-15 17:00:00,7.1,7.13,6.96,6.98,10090167.66243182
2026-02-15 21:00:00,6.97,6.97,6.73,6.8,12419576.39570997
2026-02-16 01:00:00,6.81,6.82,6.66,6.66,6469387.9169886
2026-02-16 05:00:00,6.68,6.77,6.67,6.77,4585650.04207155
2026-02-16 09:00:00,6.74,7.2,6.72,6.72,61780584.32085186
2026-02-16 13:00:00,6.75,6.78,6.68,6.68,11011741.48082381
2026-02-16 17:00:00,6.7,6.75,6.66,6.71,6614390.31203946
2026-02-16 21:00:00,6.72,6.86,6.67,6.69,9173916.11565244
2026-02-17 01:00:00,6.72,6.9,6.72,6.87,2234963.86000986
2026-02-17 05:00:00,6.91,6.97,6.88,6.95,2867362.18549487
2026-02-17 09:00:00,6.95,6.97,6.86,6.87,8513583.4937055
2026-02-17 13:00:00,6.88,6.91,6.8,6.89,3563983.76445866
2026-02-17 17:00:00,6.9,6.93,6.81,6.89,9269919.73247269
2026-02-17 21:00:00,6.89,7.65,6.7,6.98,195641716.60719588
2026-02-18 01:00:00,6.98,7.05,6.89,6.96,11510416.14948658
2026-02-18 05:00:00,6.95,6.99,6.92,6.95,4484913.25782633
2026-02-18 09:00:00,6.95,7.03,6.87,7.02,16606918.13867806
2026-02-18 13:00:00,7.0,7.0,6.92,6.93,1811684.69769092
2026-02-18 17:00:00,6.94,6.97,6.85,6.89,6246765.92358209
2026-02-18 21:00:00,6.91,6.92,6.75,6.87,9519417.28975402
2026-02-19 01:00:00,6.83,6.83,6.58,6.62,4644083.24061066
2026-02-19 05:00:00,6.62,6.65,6.55,6.59,3930309.85159552
2026-02-19 09:00:00,6.58,6.65,6.53,6.63,13330181.43238732
2026-02-19 13:00:00,6.63,6.64,6.56,6.56,2096031.45685554
2026-02-19 17:00:00,6.6,6.6,6.44,6.44,15807508.34000227
2026-02-19 21:00:00,6.45,6.49,6.32,6.39,11728543.95782051
2026-02-20 01:00:00,6.38,6.48,6.34,6.47,10299962.18570694
2026-02-20 05:00:00,6.49,6.53,6.46,6.52,4363011.80509045
2026-02-20 09:00:00,6.5,6.61,6.48,6.59,12261580.68898622
2026-02-20 13:00:00,6.61,6.62,6.54,6.57,5898574.38808766
2026-02-20 17:00:00,6.58,6.64,6.56,6.57,5757183.87994043
2026-02-20 21:00:00,6.57,6.64,6.42,6.58,7203697.47498937
2026-02-21 01:00:00,6.62,6.71,6.57,6.7,2314488.26392443
2026-02-21 05:00:00,6.69,6.79,6.65,6.7,8755574.75051068
2026-02-21 09:00:00,6.74,6.8,6.72,6.78,17170839.54586953
2026-02-21 13:00:00,6.75,6.87,6.75,6.81,11207101.51949815
2026-02-21 17:00:00,6.79,6.85,6.7,6.77,3220788.6467743
2026-02-21 21:00:00,6.78,6.91,6.71,6.72,74370714.87539785
2026-02-22 01:00:00,6.72,6.72,6.68,6.68,2758128.98826789
2026-02-22 05:00:00,6.68,6.68,6.6,6.6,2643940.6826815
2026-02-22 09:00:00,6.61,6.61,6.44,6.47,6112523.95734798
2026-02-22 13:00:00,6.47,6.5,6.43,6.46,8732540.08719544
2026-02-22 17:00:00,6.47,6.58,6.43,6.57,6799490.21470557
2026-02-22 21:00:00,6.52,6.52,6.38,6.39,5596269.2950965
2026-02-23 01:00:00,6.42,6.43,6.38,6.4,3348676.35142983
2026-02-23 05:00:00,6.41,6.45,6.37,6.43,3556264.36154591
2026-02-23 09:00:00,6.45,6.45,6.14,6.19,30969566.77217616
2026-02-23 13:00:00,6.19,6.35,6.16,6.24,22572758.86103065
2026-02-23 17:00:00,6.23,6.35,6.2,6.32,3245894.63789583
2026-02-23 21:00:00,6.32,6.37,6.25,6.27,6882811.37844955
2026-02-24 01:00:00,6.23,6.26,6.14,6.14,1704966.30971578
2026-02-24 05:00:00,6.14,6.24,6.12,6.19,7479990.74847537
2026-02-24 09:00:00,6.23,6.29,6.14,6.17,13239314.25793457
2026-02-24 13:00:00,6.17,6.2,6.1,6.12,8687782.56218673
2026-02-24 17:00:00,6.1,6.16,6.03,6.09,7872217.00893544
2026-02-24 21:00:00,6.07,6.2,5.99,6.2,15832367.44392994
2026-02-25 01:00:00,6.2,6.23,6.16,6.16,1031678.69813595
2026-02-25 05:00:00,6.17,6.18,6.1,6.15,2139992.19101641
2026-02-25 09:00:00,6.14,6.3,6.12,6.2,3547973.89821156
2026-02-25 13:00:00,6.19,6.23,6.17,6.23,7461654.20901965
2026-02-25 17:00:00,6.24,6.31,6.22,6.25,3772194.11980871
2026-02-25 21:00:00,6.28,6.49,6.28,6.46,17707456.44070679
2026-02-26 01:00:00,6.47,6.59,6.47,6.54,5351531.74261481
2026-02-26 05:00:00,6.56,6.63,6.4,6.4,4537509.28164231
2026-02-26 09:00:00,6.46,6.47,6.35,6.35,6370864.67913717
2026-02-26 13:00:00,6.36,6.42,6.26,6.28,6500816.67753179
2026-02-26 17:00:00,6.27,6.35,6.26,6.26,4793982.72893132
2026-02-26 21:00:00,6.26,6.32,6.23,6.3,6416935.54102454
2026-02-27 01:00:00,6.27,6.34,6.16,6.32,2650331.03669037
2026-02-27 05:00:00,6.33,6.37,6.31,6.31,1533442.6152309
2026-02-27 09:00:00,6.34,6.34,6.22,6.33,3459461.63207729
2026-02-27 13:00:00,6.34,6.38,6.29,6.31,3076038.91928
2026-02-27 17:00:00,6.31,6.37,6.22,6.28,11489959.78244871
2026-02-27 21:00:00,6.25,6.31,6.23,6.23,12324427.52542429
2026-02-28 01:00:00,6.23,6.24,6.16,6.18,5788062.31379434
2026-02-28 05:00:00,6.2,6.23,6.1,6.23,5792445.88224366
2026-02-28 09:00:00,6.22,6.26,6.18,6.18,2589314.91870596
2026-02-28 13:00:00,6.18,6.2,5.83,5.99,18664404.74654701
2026-02-28 17:00:00,5.95,5.97,5.82,5.9,16308247.27415964
2026-02-28 21:00:00,5.9,6.13,5.9,6.05,15369658.97731378
2026-03-01 01:00:00,6.04,6.21,6.03,6.2,904151.49898314
2026-03-01 05:00:00,6.19,6.29,6.16,6.27,5536422.22685714
2026-03-01 09:00:00,6.24,6.38,6.14,6.29,11416603.72460629
2026-03-01 13:00:00,6.29,6.31,6.2,6.25,6730107.80506306
2026-03-01 17:00:00,6.27,6.29,6.15,6.2,2051423.28434598
2026-03-01 21:00:00,6.17,6.25,6.11,6.15,3095529.2001586
2026-03-02 01:00:00,6.15,6.19,6.01,6.02,8996301.26553396
2026-03-02 05:00:00,6.05,6.12,5.97,6.07,3048472.98111426
2026-03-02 09:00:00,6.07,6.15,6.05,6.13,3849841.48793805
2026-03-02 13:00:00,6.13,6.17,6.01,6.08,6189732.12146998
2026-03-02 17:00:00,6.08,6.19,6.03,6.17,13731565.64438965
2026-03-02 21:00:00,6.17,6.41,6.14,6.34,28668070.09971952
2026-03-03 01:00:00,6.36,6.44,6.13,6.17,11501137.80446472
2026-03-03 05:00:00,6.19,6.19,6.08,6.11,17012571.15548364
2026-03-03 09:00:00,6.12,6.16,6.04,6.14,7493797.58784938
2026-03-03 13:00:00,6.12,6.17,6.1,6.15,11356656.3661077
2026-03-03 17:00:00,6.18,6.18,6.0,6.05,9078769.68898802
2026-03-03 21:00:00,6.07,6.15,6.03,6.15,5126069.46205405
2026-03-04 01:00:00,6.16,6.24,6.08,6.08,6959280.00154635
2026-03-04 05:00:00,6.06,6.1,6.0,6.02,5062070.35388879
2026-03-04 09:00:00,6.02,6.05,5.94,5.96,10362252.78134688
2026-03-04 13:00:00,6.0,6.05,5.95,6.03,5534849.26384249
2026-03-04 17:00:00,6.01,6.15,5.96,6.09,15830544.52262019
2026-03-04 21:00:00,6.07,6.33,6.06,6.33,10329570.01040405
2026-03-05 01:00:00,6.33,6.39,6.24,6.27,7908310.88959204
2026-03-05 05:00:00,6.27,6.29,6.12,6.14,4358606.82448706
2026-03-05 09:00:00,6.16,6.22,6.13,6.14,8481282.44495299
2026-03-05 13:00:00,6.15,6.23,6.15,6.2,5609906.0629501
2026-03-05 17:00:00,6.19,6.28,6.18,6.2,1834024.9421413
2026-03-05 21:00:00,6.21,6.26,6.15,6.18,2549566.67085465
2026-03-06 01:00:00,6.15,6.15,6.04,6.15,1580040.18136128
2026-03-06 05:00:00,6.16,6.2,6.13,6.13,3124432.77859755
2026-03-06 09:00:00,6.17,7.75,6.17,7.09,3330580565.5548472
2026-03-06 13:00:00,7.09,7.31,6.88,6.99,801619861.082945
2026-03-06 17:00:00,6.97,6.99,6.56,6.59,464608862.2505122
2026-03-06 21:00:00,6.59,6.64,6.47,6.5,234759953.87470445
2026-03-07 01:00:00,6.48,7.07,6.39,6.55,330433714.3568671
2026-03-07 05:00:00,6.55,6.77,6.45,6.7,205847263.1280744
2026-03-07 09:00:00,6.69,6.97,6.39,6.42,365594371.4021466
2026-03-07 13:00:00,6.42,6.51,6.29,6.37,94882970.1870284
2026-03-07 17:00:00,6.36,6.52,6.34,6.47,34033906.0574188
2026-03-07 21:00:00,6.45,6.48,6.38,6.4,25560686.03876353
2026-03-08 01:00:00,6.43,6.66,6.4,6.49,15268762.53281885
2026-03-08 05:00:00,6.5,6.52,6.35,6.46,15898354.54035273
2026-03-08 09:00:00,6.46,7.0,6.38,6.56,315253855.758311
2026-03-08 13:00:00,6.54,6.69,6.44,6.46,64087439.71956553
2026-03-08 17:00:00,6.47,6.48,6.34,6.37,32220555.44370555
2026-03-08 21:00:00,6.37,6.37,6.3,6.3,21062837.24284392
2026-03-09 01:00:00,6.3,6.46,6.28,6.42,8889118.05759642
2026-03-09 05:00:00,6.45,6.45,6.28,6.33,10226175.21561087
2026-03-09 09:00:00,6.35,6.44,6.31,6.34,26651285.96657476
2026-03-09 13:00:00,6.36,6.42,6.26,6.31,18278517.55914221
2026-03-09 17:00:00,6.31,6.38,6.27,6.27,12109559.61995153
2026-03-09 21:00:00,6.3,6.37,6.27,6.35,13115565.37745249
2026-03-10 01:00:00,6.35,6.46,6.33,6.4,4650620.05562692
2026-03-10 05:00:00,6.4,6.49,6.32,6.34,9002812.14846766
2026-03-10 09:00:00,6.37,6.5,6.33,6.39,42365194.6755329
2026-03-10 13:00:00,6.39,6.46,6.38,6.42,13876117.82554039
2026-03-10 17:00:00,6.44,6.45,6.36,6.4,10584190.34409354
2026-03-10 21:00:00,6.37,6.43,6.33,6.36,10785459.1085213
2026-03-11 01:00:00,6.39,6.39,6.28,6.34,12055510.26737945
2026-03-11 05:00:00,6.37,6.38,6.28,6.31,7380723.2062085
2026-03-11 09:00:00,6.31,6.58,6.27,6.49,145457657.59476185
2026-03-11 13:00:00,6.49,6.54,6.31,6.36,73358256.25618164
2026-03-11 17:00:00,6.36,6.42,6.32,6.4,20806878.91764238
2026-03-11 21:00:00,6.4,6.44,6.36,6.4,8538990.89561087
2026-03-12 01:00:00,6.41,6.48,6.33,6.46,7676485.08709658
2026-03-12 05:00:00,6.47,6.68,6.45,6.57,25028757.47546279
2026-03-12 09:00:00,6.54,6.6,6.4,6.42,19588235.94294494
2026-03-12 13:00:00,6.45,6.46,6.37,6.41,7482526.13212452
2026-03-12 17:00:00,6.41,6.48,6.39,6.42,9739483.00593534
2026-03-12 21:00:00,6.42,6.51,6.39,6.48,7624441.37206295
2026-03-13 01:00:00,6.48,6.49,6.42,6.46,723596.79893268
2026-03-13 05:00:00,6.42,6.46,6.4,6.43,2921305.41547269
2026-03-13 09:00:00,6.43,6.52,6.39,6.43,13525255.13361402
2026-03-13 13:00:00,6.45,6.45,6.39,6.45,13352379.7409153
2026-03-13 17:00:00,6.45,6.45,6.4,6.45,10921901.35242908
2026-03-13 21:00:00,6.45,6.5,6.42,6.48,22496994.0599442
2026-03-14 01:00:00,6.44,6.49,6.43,6.44,4564097.89418148
2026-03-14 05:00:00,6.46,6.52,6.42,6.47,2829848.79754664
2026-03-14 09:00:00,6.46,6.48,6.38,6.43,11832019.20371186
2026-03-14 13:00:00,6.43,6.44,6.32,6.36,11929691.52719897
2026-03-14 17:00:00,6.38,6.41,6.36,6.38,3184303.61355115
2026-03-14 21:00:00,6.38,6.4,6.34,6.36,1505254.4663128
2026-03-15 01:00:00,6.37,6.39,6.36,6.38,2131086.32827248
2026-03-15 05:00:00,6.35,6.39,6.34,6.37,2155670.02681085
2026-03-15 09:00:00,6.37,6.47,6.36,6.44,5511417.75915095
2026-03-15 13:00:00,6.45,6.46,6.39,6.4,6901744.54321121
2026-03-15 17:00:00,6.42,6.53,6.38,6.48,15897452.07632744
2026-03-15 21:00:00,6.48,6.5,6.41,6.49,9598042.83410342
2026-03-16 01:00:00,6.49,6.53,6.47,6.5,3577586.14771442
2026-03-16 05:00:00,6.51,6.51,6.45,6.46,4558172.08854275
2026-03-16 09:00:00,6.46,6.58,6.43,6.54,15387111.12519158
2026-03-16 13:00:00,6.54,6.62,6.53,6.58,10971520.76359884
2026-03-16 17:00:00,6.6,6.64,6.54,6.59,24735217.72627462
2026-03-16 21:00:00,6.59,6.63,6.52,6.56,14501116.52454534
2026-03-17 01:00:00,6.56,6.64,6.56,6.63,3635782.51373859
2026-03-17 05:00:00,6.6,6.76,6.59,6.76,8149698.31886482
2026-03-17 09:00:00,6.75,6.84,6.66,6.7,29307179.2595768
2026-03-17 13:00:00,6.68,6.81,6.61,6.79,16969787.75225296
2026-03-17 17:00:00,6.79,7.4,6.63,6.84,566817265.674909
2026-03-17 21:00:00,6.84,7.0,6.77,6.97,40598340.03120789
2026-03-18 01:00:00,6.98,7.45,6.97,7.06,256445151.22225103
2026-03-18 05:00:00,7.06,7.19,6.94,6.99,29209066.23771233
2026-03-18 09:00:00,6.99,9.38,6.99,9.01,4518484829.958365
2026-03-18 13:00:00,9.0,9.58,8.7,9.02,2602496933.5844474
2026-03-18 17:00:00,9.01,9.1,7.9,8.0,2441010406.216133
2026-03-18 21:00:00,8.0,8.03,7.46,7.54,1015943762.961738
2026-03-19 01:00:00,7.52,7.95,7.4,7.77,471633665.2387296
2026-03-19 05:00:00,7.77,7.82,7.4,7.48,368920325.598725
2026-03-19 09:00:00,7.49,7.59,7.05,7.25,862522457.9069861
2026-03-19 13:00:00,7.25,7.33,7.15,7.24,108984864.73557083
2026-03-19 17:00:00,7.24,7.35,7.18,7.23,51511063.04628384
2026-03-19 21:00:00,7.23,7.26,7.08,7.24,58457601.3470974
2026-03-20 01:00:00,7.25,7.28,7.12,7.17,10270860.81725898
2026-03-20 05:00:00,7.16,7.19,7.08,7.14,22920364.50049503
2026-03-20 09:00:00,7.13,7.42,7.02,7.17,113631731.55136444
2026-03-20 13:00:00,7.17,7.25,7.06,7.17,41649826.1189009
2026-03-20 17:00:00,7.18,7.41,7.17,7.31,61161865.35251432
2026-03-20 21:00:00,7.31,7.48,7.28,7.42,42537665.17050117
2026-03-21 01:00:00,7.43,7.54,7.33,7.5,14512145.12309874
2026-03-21 05:00:00,7.5,8.19,7.49,7.79,323680203.9783651
2026-03-21 09:00:00,7.79,9.5,7.75,9.11,3194630901.78787
2026-03-21 13:00:00,9.11,9.18,8.35,8.45,1396717132.2479525
2026-03-21 17:00:00,8.42,8.58,8.08,8.23,623828244.7657846
2026-03-21 21:00:00,8.23,8.8,8.2,8.47,943804116.8370018
2026-03-22 01:00:00,8.46,8.5,8.31,8.36,113705571.07357624
2026-03-22 05:00:00,8.37,8.72,8.25,8.32,245221909.6044317
2026-03-22 09:00:00,8.32,8.76,8.11,8.16,1101493776.9364622
2026-03-22 13:00:00,8.16,8.5,8.14,8.46,158998255.41874322
2026-03-22 17:00:00,8.46,8.55,8.18,8.22,192502785.5850085
2026-03-22 21:00:00,8.2,8.33,8.19,8.25,44472721.81867368
2026-03-23 01:00:00,8.28,8.28,8.11,8.11,26095736.62711307
2026-03-23 05:00:00,8.12,8.12,7.89,7.94,77286179.88400957
2026-03-23 09:00:00,7.94,7.96,7.62,7.7,132915588.20299692
2026-03-23 13:00:00,7.71,7.79,7.64,7.74,76447687.90167093
2026-03-23 17:00:00,7.73,8.15,7.69,7.95,102966187.64987051
2026-03-23 21:00:00,7.95,8.02,7.84,7.85,45298376.47310293
2026-03-24 01:00:00,7.85,8.06,7.82,7.82,16625544.94277326
2026-03-24 05:00:00,7.85,7.86,7.71,7.82,32329377.16384817
2026-03-24 09:00:00,7.82,7.85,7.63,7.73,38259037.795116
2026-03-24 13:00:00,7.73,7.75,7.59,7.67,30453941.92114836
2026-03-24 17:00:00,7.68,7.69,7.55,7.6,41223920.41164731
2026-03-24 21:00:00,7.6,7.77,7.6,7.7,34683317.96132078
2026-03-25 01:00:00,7.71,7.9,7.56,7.57,17512214.17065382
2026-03-25 05:00:00,7.61,7.65,7.54,7.56,15966657.46188816
2026-03-25 09:00:00,7.55,7.65,7.38,7.41,61551717.96888965
2026-03-25 13:00:00,7.43,7.54,7.38,7.46,28975038.73426142
2026-03-25 17:00:00,7.48,7.52,7.4,7.42,21962260.40463344
2026-03-25 21:00:00,7.42,7.5,7.36,7.45,24075458.19449494
2026-03-26 01:00:00,7.44,7.58,7.41,7.45,12094303.43652717
2026-03-26 05:00:00,7.42,7.59,7.4,7.57,16324847.92509452
2026-03-26 09:00:00,7.58,7.58,7.23,7.26,53009379.24514852
2026-03-26 13:00:00,7.26,7.33,7.22,7.32,17944872.43578539
2026-03-26 17:00:00,7.28,7.31,7.01,7.04,53237039.82451221
2026-03-26 21:00:00,7.04,7.14,7.04,7.08,14026495.30425524
2026-03-27 01:00:00,7.08,7.19,7.04,7.15,8683210.08070104
2026-03-27 05:00:00,7.15,7.26,7.05,7.1,23162826.72401648
2026-03-27 09:00:00,7.1,7.86,7.04,7.49,771011712.3008759
2026-03-27 13:00:00,7.48,7.6,7.18,7.43,455037044.73624986
2026-03-27 17:00:00,7.43,8.19,7.3,7.53,1668176122.1893573
2026-03-27 21:00:00,7.55,7.94,7.47,7.75,385667864.1272552
2026-03-28 01:00:00,7.76,8.09,7.71,7.93,142249372.88691813
2026-03-28 05:00:00,7.93,7.98,7.78,7.86,124309232.7603678
2026-03-28 09:00:00,7.87,8.43,7.55,7.72,1525288718.1487255
2026-03-28 13:00:00,7.72,7.79,7.51,7.58,162268736.46446377
2026-03-28 17:00:00,7.57,7.61,7.38,7.42,103582841.12335856
2026-03-28 21:00:00,7.41,7.49,7.36,7.46,57501470.18688669
2026-03-29 01:00:00,7.46,7.47,7.39,7.42,19826270.31305211
2026-03-29 05:00:00,7.4,7.43,7.27,7.31,77240089.7891258
2026-03-29 09:00:00,7.32,7.99,7.26,7.65,1507973583.3299124
2026-03-29 13:00:00,7.65,8.46,7.6,8.3,1096096487.8010356
2026-03-29 17:00:00,8.3,8.3,7.73,7.79,631563753.6145283
2026-03-29 21:00:00,7.78,7.83,7.61,7.68,159797375.76610106
2026-03-30 01:00:00,7.67,7.82,7.59,7.6,67418919.36293508
2026-03-30 05:00:00,7.6,7.61,7.39,7.55,160709083.44089946
2026-03-30 09:00:00,7.54,8.19,7.45,7.64,1145420193.6559916
2026-03-30 13:00:00,7.65,7.8,7.63,7.69,159532378.32992014
2026-03-30 17:00:00,7.69,7.74,7.55,7.65,134281412.07152438
2026-03-30 21:00:00,7.62,7.7,7.59,7.64,81663251.70635667
2026-03-31 01:00:00,7.67,7.76,7.6,7.63,35824077.98485665
2026-03-31 05:00:00,7.64,7.87,7.64,7.87,84745806.19629094
2026-03-31 09:00:00,7.86,8.08,7.58,7.61,492032853.74378777
2026-03-31 13:00:00,7.61,7.76,7.6,7.64,96861977.53022616
2026-03-31 17:00:00,7.63,7.64,7.42,7.49,99162294.13590305
2026-03-31 21:00:00,7.51,7.58,7.36,7.48,75485383.32806012
2026-04-01 01:00:00,7.45,7.53,7.45,7.47,16760779.33817091
2026-04-01 05:00:00,7.5,7.56,7.46,7.54,44410425.90704687
2026-04-01 09:00:00,7.52,7.53,7.33,7.38,88510452.8592288
2026-04-01 13:00:00,7.41,7.69,7.38,7.61,73266580.28071104
2026-04-01 17:00:00,7.61,7.69,7.55,7.65,37421619.58530927
2026-04-01 21:00:00,7.64,7.69,7.55,7.62,42747043.54924321
2026-04-02 01:00:00,7.61,7.7,7.58,7.59,22982406.32690812
2026-04-02 05:00:00,7.61,7.64,7.55,7.55,21834870.51974269
2026-04-02 09:00:00,7.55,7.99,7.54,7.99,598194070.9823849
2026-04-02 13:00:00,7.99,8.16,7.63,7.79,407732455.0727778
2026-04-02 17:00:00,7.77,7.93,7.69,7.81,124065300.63428783
2026-04-02 21:00:00,7.8,7.81,7.55,7.61,104495498.08803052
2026-04-03 01:00:00,7.61,7.68,7.55,7.59,21531219.90648025
2026-04-03 05:00:00,7.59,7.63,7.49,7.61,62398449.38881137
2026-04-03 09:00:00,7.61,7.64,7.33,7.44,113901000.28535612
2026-04-03 13:00:00,7.43,7.67,7.42,7.51,90472471.079928
2026-04-03 17:00:00,7.51,7.74,7.49,7.65,38909256.40296062
2026-04-03 21:00:00,7.65,7.67,7.51,7.58,36684067.09279249
2026-04-04 01:00:00,7.57,7.72,7.57,7.59,14127847.0379945
2026-04-04 05:00:00,7.59,7.69,7.57,7.59,15463074.99149068
2026-04-04 09:00:00,7.6,8.16,7.57,7.94,922588073.1822816
2026-04-04 13:00:00,7.92,8.08,7.82,7.91,259354669.7958801
2026-04-04 17:00:00,7.93,7.93,7.75,7.85,101250185.61935838
2026-04-04 21:00:00,7.85,7.96,7.76,7.82,99417494.35942069
2026-04-05 01:00:00,7.83,7.94,7.82,7.88,40150241.12640458
2026-04-05 05:00:00,7.88,7.99,7.8,7.92,50159069.34558923
2026-04-05 09:00:00,7.92,7.92,7.67,7.78,107443430.66232228
2026-04-05 13:00:00,7.76,7.92,7.75,7.79,52287285.72493376
2026-04-05 17:00:00,7.79,8.02,7.77,7.94,72246148.47940871
2026-04-05 21:00:00,7.93,8.11,7.74,8.04,80422240.50235327
2026-04-06 01:00:00,8.03,8.05,7.87,7.91,24000577.27291553
2026-04-06 05:00:00,7.91,8.04,7.88,7.95,27427078.68725662
2026-04-06 09:00:00,7.95,8.07,7.84,7.93,70636805.73855723
2026-04-06 13:00:00,7.93,8.01,7.86,7.95,56778678.56962336
2026-04-06 17:00:00,7.94,8.05,7.9,7.97,43118429.88650665
2026-04-06 21:00:00,7.96,8.07,7.92,8.03,74172729.21260618
2026-04-07 01:00:00,8.03,8.12,7.96,8.03,22737561.11070991
2026-04-07 05:00:00,8.06,8.28,8.02,8.06,57174008.56180134
2026-04-07 09:00:00,8.06,8.08,7.84,7.92,102981922.27328137
2026-04-07 13:00:00,7.9,7.99,7.81,7.84,38286086.0852818
2026-04-07 17:00:00,7.84,7.9,7.63,7.65,70261285.43482833
2026-04-07 21:00:00,7.65,7.74,7.55,7.73,36586759.5120319
2026-04-08 01:00:00,7.71,7.78,7.64,7.72,11237896.72336375
2026-04-08 05:00:00,7.74,8.02,7.69,7.94,61632395.90583212
2026-04-08 09:00:00,7.94,7.98,7.82,7.87,68622740.85206299
2026-04-08 13:00:00,7.88,7.94,7.84,7.89,10229959.50050561
2026-04-08 17:00:00,7.88,8.03,7.85,7.93,43380771.96678324
2026-04-08 21:00:00,7.94,8.07,7.87,7.88,24919798.00311747
2026-04-09 01:00:00,7.94,8.02,7.9,8.0,9071171.87135649
2026-04-09 05:00:00,8.01,8.02,7.8,7.8,24837978.85368063
2026-04-09 09:00:00,7.82,7.86,7.73,7.83,21113025.07340665
2026-04-09 13:00:00,7.83,7.89,7.78,7.88,11197668.06704108
2026-04-09 17:00:00,7.86,8.12,7.85,7.9,36862904.41997063
2026-04-09 21:00:00,7.9,7.93,7.82,7.89,30607966.7217522
2026-04-10 01:00:00,7.89,7.98,7.88,7.97,10159886.31897946
2026-04-10 05:00:00,7.96,7.98,7.91,7.96,13822450.86185719
2026-04-10 09:00:00,7.97,8.04,7.89,7.92,40777165.75754228
2026-04-10 13:00:00,7.91,7.95,7.87,7.89,10341010.05788295
2026-04-10 17:00:00,7.87,7.9,7.85,7.85,11703289.96390382
2026-04-10 21:00:00,7.85,7.94,7.83,7.86,24488068.61595949
2026-04-11 01:00:00,7.86,7.92,7.8,7.87,9100698.15564337
2026-04-11 05:00:00,7.87,7.88,7.82,7.83,9404164.71186287
2026-04-11 09:00:00,7.84,7.84,7.68,7.68,36364634.00581726
2026-04-11 13:00:00,7.68,7.74,7.65,7.68,19321989.9933829
2026-04-11 17:00:00,7.68,7.73,7.54,7.62,34575721.58491835
2026-04-11 21:00:00,7.6,7.62,7.46,7.52,28185781.61738324
2026-04-12 01:00:00,7.53,7.65,7.47,7.65,13098878.26461618
2026-04-12 05:00:00,7.63,7.66,7.59,7.6,14695481.25531162
2026-04-12 09:00:00,7.62,8.65,7.62,7.84,1325423069.9763882
2026-04-12 13:00:00,7.83,7.93,7.77,7.85,78017348.35206068
2026-04-12 17:00:00,7.86,7.91,7.72,7.74,109264117.35579091
2026-04-12 21:00:00,7.74,7.83,7.66,7.79,128705679.69906558
2026-04-13 01:00:00,7.78,7.8,7.68,7.72,33770945.84764474
2026-04-13 05:00:00,7.7,7.77,7.61,7.76,66980014.79936946
2026-04-13 09:00:00,7.74,8.1,7.47,7.6,778476133.472866
2026-04-13 13:00:00,7.58,7.68,7.58,7.61,46886657.59720451
2026-04-13 17:00:00,7.59,7.63,7.53,7.55,59836895.35332418
2026-04-13 21:00:00,7.55,7.6,7.52,7.58,40926368.37659815
2026-04-14 01:00:00,7.6,7.63,7.56,7.58,14291315.5979194
2026-04-14 05:00:00,7.58,7.8,7.57,7.8,47786377.13477142
2026-04-14 09:00:00,7.8,7.8,7.63,7.71,63064203.1450862
2026-04-14 13:00:00,7.71,7.71,7.6,7.65,21742388.98699317
2026-04-14 17:00:00,7.64,7.66,7.51,7.51,43955279.56891991
2026-04-14 21:00:00,7.53,7.61,7.51,7.57,31445618.66398545
2026-04-15 01:00:00,7.56,7.59,7.48,7.48,20473084.17863987
2026-04-15 05:00:00,7.51,7.51,7.46,7.5,15826266.8050434
2026-04-15 09:00:00,7.49,7.55,7.48,7.55,19227976.22883495
2026-04-15 13:00:00,7.55,7.58,7.47,7.51,21945747.71790416
2026-04-15 17:00:00,7.5,7.54,7.47,7.53,16142949.14133022
2026-04-15 21:00:00,7.51,7.53,7.48,7.49,6037402.55442957
2026-04-16 01:00:00,7.51,7.58,7.5,7.52,5169264.83040586
2026-04-16 05:00:00,7.53,7.61,7.51,7.59,9889081.0531795
2026-04-16 09:00:00,7.58,7.61,7.49,7.55,25388847.84733024
2026-04-16 13:00:00,7.57,7.61,7.56,7.59,8689788.75031382
2026-04-16 17:00:00,7.59,7.62,7.57,7.59,15967644.87939834
2026-04-16 21:00:00,7.59,7.67,7.54,7.65,21488738.35288065
2026-04-17 01:00:00,7.64,7.76,7.63,7.74,9946250.57671747
2026-04-17 05:00:00,7.74,7.78,7.65,7.77,22889567.1860662
2026-04-17 09:00:00,7.77,7.77,7.67,7.72,25955761.65085003
2026-04-17 13:00:00,7.72,7.75,7.57,7.75,23087911.55039803
2026-04-17 17:00:00,7.75,7.79,7.69,7.77,17387061.46862979
2026-04-17 21:00:00,7.76,7.84,7.75,7.8,25480941.36739216
2026-04-18 01:00:00,7.81,7.97,7.79,7.82,20944716.98342289
2026-04-18 05:00:00,7.81,8.03,7.8,7.97,48335826.54384209
2026-04-18 09:00:00,7.98,7.99,7.81,7.83,58045104.1523259
2026-04-18 13:00:00,7.82,7.94,7.81,7.9,14222601.73109043
2026-04-18 17:00:00,7.9,7.91,7.61,7.7,30629107.99987651
2026-04-18 21:00:00,7.69,7.77,7.65,7.71,21084511.61657391
2026-04-19 01:00:00,7.72,7.74,7.6,7.61,5479098.46885599
2026-04-19 05:00:00,7.62,7.73,7.61,7.66,2339052.20324087
2026-04-19 09:00:00,7.65,7.65,7.45,7.49,44910254.29603486
2026-04-19 13:00:00,7.48,7.56,7.45,7.48,10745967.5296597
2026-04-19 17:00:00,7.48,7.51,7.45,7.51,6693210.84642316
2026-04-19 21:00:00,7.49,7.54,7.48,7.52,8092574.38070414
2026-04-20 01:00:00,7.52,7.52,7.33,7.45,8876957.01510232
2026-04-20 05:00:00,7.45,7.45,7.26,7.32,15069653.34128941
2026-04-20 09:00:00,7.34,7.52,7.33,7.43,19457792.18356961
2026-04-20 13:00:00,7.46,7.5,7.39,7.45,6051845.76531228
2026-04-20 17:00:00,7.45,7.52,7.4,7.46,11675083.80615411
2026-04-20 21:00:00,7.46,7.58,7.46,7.54,6477192.02799607
2026-04-21 01:00:00,7.53,7.6,7.51,7.6,4870705.10175041
2026-04-21 05:00:00,7.61,7.66,7.52,7.53,5248518.7757947
2026-04-21 09:00:00,7.55,7.57,7.45,7.47,10662821.67952216
2026-04-21 13:00:00,7.5,7.54,7.47,7.5,5842956.52308469
2026-04-21 17:00:00,7.5,7.54,7.49,7.52,4607965.41798287
2026-04-21 21:00:00,7.52,7.58,7.45,7.55,9201594.89952743
2026-04-22 01:00:00,7.55,7.58,7.45,7.45,2973506.25190285
2026-04-22 05:00:00,7.47,7.56,7.47,7.56,5107571.17052875
2026-04-22 09:00:00,7.55,7.57,7.48,7.54,8911744.37328559
2026-04-22 13:00:00,7.54,7.6,7.52,7.58,4202358.07219147
2026-04-22 17:00:00,7.6,7.64,7.56,7.56,13418555.73036936
2026-04-22 21:00:00,7.58,7.59,7.53,7.58,11963743.38077159
2026-04-23 01:00:00,7.58,7.6,7.56,7.59,3940922.54955445
2026-04-23 05:00:00,7.59,7.61,7.5,7.52,5641743.17530819
2026-04-23 09:00:00,7.52,7.52,7.36,7.39,14202397.76951475
2026-04-23 13:00:00,7.39,7.46,7.36,7.4,9432966.55386029
2026-04-23 17:00:00,7.4,7.44,7.36,7.4,7764933.68596811
2026-04-23 21:00:00,7.43,7.49,7.4,7.47,9341017.3577099
2026-04-24 01:00:00,7.49,7.5,7.4,7.47,3025574.9254085
2026-04-24 05:00:00,7.49,7.62,7.49,7.62,11978587.54817085
2026-04-24 09:00:00,7.6,7.62,7.53,7.54,16040349.28787017
2026-04-24 13:00:00,7.55,7.6,7.54,7.6,7067328.18474855
2026-04-24 17:00:00,7.58,7.63,7.57,7.63,9869015.36419456
2026-04-24 21:00:00,7.63,7.69,7.59,7.66,8330554.23109699
2026-04-25 01:00:00,7.66,7.73,7.64,7.7,10086659.3919718
2026-04-25 05:00:00,7.69,7.72,7.58,7.6,3725402.5267866
2026-04-25 09:00:00,7.6,7.66,7.58,7.64,20237740.77331478
2026-04-25 13:00:00,7.66,7.66,7.55,7.6,5688507.51964005
2026-04-25 17:00:00,7.6,7.74,7.59,7.66,14772645.01953111
2026-04-25 21:00:00,7.66,7.71,7.61,7.67,20003276.33919295
2026-04-26 01:00:00,7.67,7.67,7.56,7.57,10671331.65629455
2026-04-26 05:00:00,7.57,7.66,7.57,7.66,5108881.23028643
2026-04-26 09:00:00,7.62,7.7,7.6,7.63,10792245.3189258
2026-04-26 13:00:00,7.64,7.72,7.63,7.7,12600100.51106537
2026-04-26 17:00:00,7.67,7.7,7.66,7.68,3995321.85599881
2026-04-26 21:00:00,7.68,7.68,7.59,7.66,11113532.15924195
2026-04-27 01:00:00,7.63,7.66,7.59,7.59,2783391.91087414
2026-04-27 05:00:00,7.61,7.66,7.59,7.66,5173797.98779438
2026-04-27 09:00:00,7.66,7.66,7.55,7.61,18085722.51657253
2026-04-27 13:00:00,7.6,7.61,7.43,7.46,21440184.68409301
2026-04-27 17:00:00,7.46,7.54,7.44,7.49,10918600.69718292
2026-04-27 21:00:00,7.49,7.5,7.39,7.4,11988370.75383781
2026-04-28 01:00:00,7.39,7.46,7.39,7.43,2537126.46480033
2026-04-28 05:00:00,7.43,7.51,7.42,7.5,5328501.33179344
2026-04-28 09:00:00,7.48,7.5,7.4,7.43,6222239.66066136
2026-04-28 13:00:00,7.47,7.5,7.43,7.48,7480616.96540505
2026-04-28 17:00:00,7.47,7.47,7.39,7.4,3506996.71329393
2026-04-28 21:00:00,7.42,7.46,7.39,7.43,3534628.85476316
2026-04-29 01:00:00,7.44,7.48,7.4,7.48,849821.9644694
2026-04-29 05:00:00,7.48,7.48,7.44,7.46,2798042.37961566
2026-04-29 09:00:00,7.44,7.48,7.43,7.48,6809063.61340261
2026-04-29 13:00:00,7.46,7.49,7.42,7.45,7997781.79483679
2026-04-29 17:00:00,7.43,7.5,7.42,7.45,9294501.51758685
2026-04-29 21:00:00,7.44,7.44,7.31,7.31,22393308.09453865
2026-04-30 01:00:00,7.31,7.33,7.09,7.16,50725352.5120286
2026-04-30 05:00:00,7.17,7.23,7.15,7.15,20035137.03978366
2026-04-30 09:00:00,7.15,7.2,7.05,7.07,13372123.49124968
2026-04-30 13:00:00,7.07,7.13,6.96,7.13,20826000.15457255
2026-04-30 17:00:00,7.14,7.14,7.03,7.06,5391377.56184591
2026-04-30 21:00:00,7.06,7.07,6.99,7.02,8705313.33410883
2026-05-01 01:00:00,7.03,7.06,7.01,7.04,865092.27018876
2026-05-01 05:00:00,7.04,7.06,7.0,7.06,4144993.41123023
2026-05-01 09:00:00,7.05,7.15,7.05,7.12,5568024.01406537
2026-05-01 13:00:00,7.12,7.13,7.02,7.04,5446166.03690232
2026-05-01 17:00:00,7.05,7.11,7.04,7.06,2847950.00687989
2026-05-01 21:00:00,7.07,7.15,7.06,7.1,4999005.63223902
2026-05-02 01:00:00,7.12,7.14,7.07,7.14,1340059.49809206
2026-05-02 05:00:00,7.14,7.16,7.11,7.15,12167590.92618671
2026-05-02 09:00:00,7.14,7.2,7.12,7.14,2821220.55964631
2026-05-02 13:00:00,7.16,7.16,7.08,7.16,5028764.36306694
2026-05-02 17:00:00,7.16,7.17,7.07,7.07,10919448.95364648
2026-05-02 21:00:00,7.08,7.15,7.07,7.15,5923106.3567285
2026-05-03 01:00:00,7.15,7.19,7.15,7.19,3630157.00823692
2026-05-03 05:00:00,7.19,7.23,7.17,7.22,3794743.28880374
2026-05-03 09:00:00,7.22,7.22,7.13,7.16,4252912.97041489
2026-05-03 13:00:00,7.13,7.15,7.09,7.1,3344836.72586419
2026-05-03 17:00:00,7.13,7.14,7.11,7.14,3530011.7647183
2026-05-03 21:00:00,7.15,7.16,7.11,7.11,1226336.125178
2026-05-04 01:00:00,7.11,7.11,7.08,7.11,2073897.60284852
2026-05-04 05:00:00,7.13,7.17,7.11,7.12,2758422.49901064
2026-05-04 09:00:00,7.13,7.25,7.07,7.24,16350504.11901681
2026-05-04 13:00:00,7.24,7.28,7.19,7.19,5841629.90219432
2026-05-04 17:00:00,7.21,7.24,7.11,7.14,9413933.91827342
2026-05-04 21:00:00,7.14,7.2,7.11,7.18,5548834.38476894
2026-05-05 01:00:00,7.18,7.21,7.15,7.15,1556593.8789036
2026-05-05 05:00:00,7.17,7.22,7.12,7.15,1527151.88177197
2026-05-05 09:00:00,7.14,7.21,7.13,7.19,5356915.86442175
2026-05-05 13:00:00,7.2,7.47,7.16,7.34,132108727.9269537
2026-05-05 17:00:00,7.33,7.4,7.28,7.32,19685516.48518793
2026-05-05 21:00:00,7.32,7.51,7.25,7.29,140135855.49489784
2026-05-06 01:00:00,7.29,7.32,7.23,7.23,19469747.96219071
2026-05-06 05:00:00,7.25,7.36,7.25,7.36,18710459.85591939
2026-05-06 09:00:00,7.35,8.43,7.35,7.76,3130323376.5944004
2026-05-06 13:00:00,7.76,7.81,7.3,7.38,624989819.5585289
2026-05-06 17:00:00,7.38,7.48,7.36,7.42,144623525.1103113
2026-05-06 21:00:00,7.43,7.5,7.36,7.45,123238926.67410427
2026-05-07 01:00:00,7.45,7.49,7.44,7.46,12654456.49244101
2026-05-07 05:00:00,7.45,7.52,7.41,7.44,56675504.45325571
2026-05-07 09:00:00,7.44,7.97,7.2,7.29,1102012515.4922402
2026-05-07 13:00:00,7.29,7.44,7.26,7.42,100064379.48957884
2026-05-07 17:00:00,7.42,7.5,7.37,7.37,76276166.06881171
2026-05-07 21:00:00,7.37,7.48,7.33,7.37,46848848.10792285
2026-05-08 01:00:00,7.35,7.45,7.34,7.41,18770966.27194387
2026-05-08 05:00:00,7.41,7.46,7.37,7.42,20792650.18750342
2026-05-08 09:00:00,7.42,7.48,7.33,7.41,63307227.63004001
2026-05-08 13:00:00,7.41,7.5,7.41,7.46,30048952.86419486
2026-05-08 17:00:00,7.46,7.59,7.46,7.55,32539945.7564585
2026-05-08 21:00:00,7.53,7.6,7.47,7.57,29245645.9443676
2026-05-09 01:00:00,7.58,7.65,7.56,7.59,21800520.31541882
2026-05-09 05:00:00,7.6,7.67,7.58,7.63,17964707.65132173
2026-05-09 09:00:00,7.63,7.71,7.58,7.63,47150290.35486258
2026-05-09 13:00:00,7.64,7.65,7.57,7.58,15446529.51787858
2026-05-09 17:00:00,7.59,7.63,7.5,7.56,21190837.33527547
2026-05-09 21:00:00,7.56,7.56,7.47,7.49,10311683.00968664
2026-05-10 01:00:00,7.49,7.59,7.48,7.56,5272757.40350011
2026-05-10 05:00:00,7.53,7.59,7.53,7.55,10141557.09116203
2026-05-10 09:00:00,7.55,7.55,7.47,7.52,16674906.03894404
2026-05-10 13:00:00,7.52,7.65,7.52,7.63,17703853.81690743
2026-05-10 17:00:00,7.63,7.63,7.55,7.57,21452543.90294909
2026-05-10 21:00:00,7.56,7.69,7.56,7.64,20952589.5763327
2026-05-11 01:00:00,7.64,7.71,7.62,7.67,15279666.70479151
2026-05-11 05:00:00,7.67,7.71,7.52,7.7,10687186.75150909
2026-05-11 09:00:00,7.7,7.71,7.57,7.64,27005825.15764971
2026-05-11 13:00:00,7.62,7.67,7.6,7.63,9553013.61099248
2026-05-11 17:00:00,7.64,7.77,7.62,7.71,17197254.14609478
2026-05-11 21:00:00,7.71,7.94,7.69,7.92,88382299.46218804
2026-05-12 01:00:00,7.92,7.93,7.79,7.86,32105211.66128409
2026-05-12 05:00:00,7.89,8.01,7.87,7.98,30733469.49921483
2026-05-12 09:00:00,7.97,8.0,7.81,7.82,51747385.94122966
2026-05-12 13:00:00,7.83,7.87,7.78,7.81,25927011.84325432
2026-05-12 17:00:00,7.82,7.83,7.68,7.7,37029635.00965669
2026-05-12 21:00:00,7.71,7.75,7.55,7.57,33402933.60847182
2026-05-13 01:00:00,7.57,7.68,7.56,7.63,18536764.99318258
2026-05-13 05:00:00,7.67,7.69,7.63,7.65,7660351.23923415
2026-05-13 09:00:00,7.63,7.8,7.62,7.79,17525407.09900677
2026-05-13 13:00:00,7.78,7.85,7.76,7.78,11193839.58607305
2026-05-13 17:00:00,7.79,7.94,7.75,7.78,26319102.64740334
2026-05-13 21:00:00,7.78,7.8,7.47,7.47,40333836.61898163
2026-05-14 01:00:00,7.49,7.58,7.49,7.53,3136382.15887487
2026-05-14 05:00:00,7.53,7.56,7.48,7.5,6033011.54533394
2026-05-14 09:00:00,7.49,7.55,7.37,7.39,21679795.09463834
2026-05-14 13:00:00,7.39,7.49,7.37,7.43,7925351.03904144
2026-05-14 17:00:00,7.43,7.48,7.39,7.45,6216850.10433519
2026-05-14 21:00:00,7.45,7.59,7.44,7.57,9441486.07993498
2026-05-15 01:00:00,7.58,7.59,7.51,7.53,10448057.06777779
2026-05-15 05:00:00,7.53,7.55,7.49,7.51,5368990.45622197
2026-05-15 09:00:00,7.5,7.55,7.49,7.49,11181430.41901062
2026-05-15 13:00:00,7.51,7.51,7.37,7.46,15387235.04126389
2026-05-15 17:00:00,7.44,7.45,7.37,7.39,8290124.52230119
2026-05-15 21:00:00,7.39,7.39,7.13,7.17,24260893.1041601
2026-05-16 01:00:00,7.18,7.31,7.17,7.27,23467370.82607179
2026-05-16 05:00:00,7.27,7.35,7.24,7.35,30116460.59634232
2026-05-16 09:00:00,7.35,7.95,7.2,7.28,347081384.8982979
2026-05-16 13:00:00,7.28,7.3,7.07,7.13,26668752.36267511
2026-05-16 17:00:00,7.12,7.13,6.98,7.1,38272146.55220423
2026-05-16 21:00:00,7.1,7.1,7.0,7.07,12770081.73704871
2026-05-17 01:00:00,7.09,7.11,7.07,7.07,3753145.26607188
2026-05-17 05:00:00,7.07,7.1,7.05,7.07,3874006.76927557
2026-05-17 09:00:00,7.07,7.07,6.96,7.06,14169965.38841749
2026-05-17 13:00:00,7.07,7.12,7.07,7.11,4390221.88957044
2026-05-17 17:00:00,7.11,7.16,7.09,7.1,3884144.8841005
2026-05-17 21:00:00,7.12,7.12,7.02,7.07,3043976.14210432
2026-05-18 01:00:00,7.07,7.08,7.02,7.07,2284195.42955763
2026-05-18 05:00:00,7.07,7.1,6.82,6.92,13345803.60970053
2026-05-18 09:00:00,6.92,6.92,6.8,6.85,19447432.31914491
2026-05-18 13:00:00,6.85,6.89,6.75,6.77,9755991.02301731
2026-05-18 17:00:00,6.81,6.82,6.71,6.8,7273970.06640886
2026-05-18 21:00:00,6.8,6.86,6.72,6.74,5834060.77080625
2026-05-19 01:00:00,6.74,6.79,6.67,6.79,1485214.11864389
2026-05-19 05:00:00,6.79,6.85,6.73,6.83,6209033.80314811
2026-05-19 09:00:00,6.84,6.88,6.78,6.82,9371688.63423729
2026-05-19 13:00:00,6.83,6.88,6.81,6.87,4062142.71832357
2026-05-19 17:00:00,6.86,6.86,6.77,6.78,2683226.08717946
2026-05-19 21:00:00,6.77,6.84,6.75,6.75,3795256.54577288
2026-05-20 01:00:00,6.75,6.8,6.74,6.75,1359585.29098293
2026-05-20 05:00:00,6.77,6.78,6.71,6.72,1373050.66966942
2026-05-20 09:00:00,6.72,6.74,6.68,6.72,8341956.54701284
2026-05-20 13:00:00,6.72,6.79,6.72,6.78,4488389.99118104
2026-05-20 17:00:00,6.77,6.78,6.74,6.74,1401647.99529869
2026-05-20 21:00:00,6.76,6.84,6.71,6.84,6514368.43007864
2026-05-21 01:00:00,6.84,6.88,6.83,6.87,954348.74788541
2026-05-21 05:00:00,6.85,6.86,6.8,6.86,2868030.68080047
2026-05-21 09:00:00,6.84,6.93,6.83,6.92,7336858.4097534
2026-05-21 13:00:00,6.91,6.93,6.86,6.92,5235004.07604779
2026-05-21 17:00:00,6.92,6.94,6.84,6.86,7659863.13985772
2026-05-21 21:00:00,6.86,6.91,6.84,6.91,4581597.50351406
2026-05-22 01:00:00,6.91,7.0,6.89,7.0,2973928.20616015
2026-05-22 05:00:00,7.0,7.0,6.93,6.98,5920665.94374349
2026-05-22 09:00:00,6.97,7.03,6.92,7.01,7156805.69630729
2026-05-22 13:00:00,7.02,7.08,6.98,7.06,6508033.77050675
2026-05-22 17:00:00,7.06,7.07,7.01,7.05,16262745.83494598
2026-05-22 21:00:00,7.06,7.09,6.99,7.02,6119751.25153152
2026-05-23 01:00:00,7.04,7.05,6.85,6.91,9935415.61618115
2026-05-23 05:00:00,6.94,6.96,6.86,6.88,4580554.22917093
2026-05-23 09:00:00,6.89,7.01,6.89,6.98,8548759.09156322
2026-05-23 13:00:00,6.98,6.98,6.78,6.78,6544116.78987681
2026-05-23 17:00:00,6.8,6.8,6.72,6.73,4538801.66000047
2026-05-23 21:00:00,6.72,6.91,6.7,6.89,6033883.56781988
2026-05-24 01:00:00,6.91,6.99,6.89,6.98,4062892.89316476
2026-05-24 05:00:00,6.99,7.12,6.99,7.05,3424252.09033079
2026-05-24 09:00:00,7.04,7.06,6.96,6.98,3586919.67872045
2026-05-24 13:00:00,6.99,7.02,6.96,7.0,4070081.3225072
2026-05-24 17:00:00,7.01,7.02,6.98,6.98,3368568.25762123
2026-05-24 21:00:00,6.99,6.99,6.83,6.9,3142477.61827899
2026-05-25 01:00:00,6.91,6.91,6.87,6.88,1591727.11120435
2026-05-25 05:00:00,6.86,6.88,6.74,6.88,3355393.18459488
2026-05-25 09:00:00,6.88,6.91,6.85,6.88,2174330.04155279
2026-05-25 13:00:00,6.88,7.02,6.88,7.02,8754977.59603996
2026-05-25 17:00:00,7.02,7.03,6.99,7.0,4382094.26866989
2026-05-25 21:00:00,6.99,7.04,6.98,7.02,3650708.74301328
2026-05-26 01:00:00,7.01,7.05,7.01,7.05,3025446.80569863
2026-05-26 05:00:00,7.05,7.07,6.98,7.04,7844351.63256267
2026-05-26 09:00:00,7.04,7.04,6.89,6.98,11534837.80988411
2026-05-26 13:00:00,6.98,7.11,6.98,7.01,18045849.33835044
2026-05-26 17:00:00,7.01,7.08,6.96,7.07,9364198.1916124
2026-05-26 21:00:00,7.04,7.08,6.96,6.98,17683648.30093015
2026-05-27 01:00:00,7.01,7.01,6.89,6.93,6333951.16552153
2026-05-27 05:00:00,6.92,6.94,6.89,6.9,1735324.66403158
2026-05-27 09:00:00,6.89,6.95,6.79,6.79,6700761.40871047
2026-05-27 13:00:00,6.8,6.87,6.73,6.86,7170815.10933819
2026-05-27 17:00:00,6.88,6.93,6.83,6.85,2215723.73881295
2026-05-27 21:00:00,6.84,6.94,6.78,6.91,4169030.45127055
2026-05-28 01:00:00,6.91,6.91,6.81,6.86,2272011.1726883
2026-05-28 05:00:00,6.86,6.86,6.71,6.73,3654480.2951694
2026-05-28 09:00:00,6.76,6.78,6.55,6.56,13606604.72454845
2026-05-28 13:00:00,6.56,6.62,6.47,6.57,11559756.40040043
2026-05-28 17:00:00,6.58,6.58,6.46,6.48,5322195.19658136
2026-05-28 21:00:00,6.48,6.54,6.44,6.52,12434493.06660448
2026-05-29 01:00:00,6.51,6.66,6.51,6.59,2597078.29877299
2026-05-29 05:00:00,6.58,6.65,6.56,6.58,4141896.63849346
2026-05-29 09:00:00,6.59,6.63,6.54,6.54,3762320.40886292
2026-05-29 13:00:00,6.54,6.64,6.51,6.62,2238807.23062956
2026-05-29 17:00:00,6.63,6.71,6.62,6.62,11991809.09340468
2026-05-29 21:00:00,6.62,6.84,6.53,6.82,29178214.36255191
2026-05-30 01:00:00,6.84,6.84,6.66,6.73,5496927.13414341
2026-05-30 05:00:00,6.76,6.83,6.7,6.75,16084097.45517113
2026-05-30 09:00:00,6.75,6.93,6.73,6.93,8198553.70596568
2026-05-30 13:00:00,6.93,6.93,6.82,6.85,2231435.34764311
2026-05-30 17:00:00,6.85,6.91,6.85,6.86,2340025.23145834
2026-05-30 21:00:00,6.86,6.86,6.78,6.79,3910484.73628904
2026-05-31 01:00:00,6.8,6.82,6.79,6.82,331812.23043286
2026-05-31 05:00:00,6.82,6.84,6.74,6.76,3333597.57834085
2026-05-31 09:00:00,6.77,6.86,6.75,6.79,3585184.05850667
2026-05-31 13:00:00,6.8,6.88,6.8,6.81,3317248.07994744
2026-05-31 17:00:00,6.81,6.83,6.76,6.8,3277960.92216006
2026-05-31 21:00:00,6.79,6.82,6.72,6.74,3591160.87145728
2026-06-01 01:00:00,6.73,6.75,6.67,6.7,3186045.87802536
2026-06-01 05:00:00,6.72,6.85,6.71,6.84,3126771.74927253
2026-06-01 09:00:00,6.84,6.91,6.79,6.87,8292447.95688315
2026-06-01 13:00:00,6.87,6.88,6.75,6.76,11958832.36600743
2026-06-01 17:00:00,6.76,6.83,6.73,6.77,13333243.81212194
2026-06-01 21:00:00,6.78,6.79,6.68,6.75,5512647.71444964
2026-06-02 01:00:00,6.75,6.89,6.74,6.87,2780612.55480151
2026-06-02 05:00:00,6.87,6.87,6.76,6.78,2217176.20947633
2026-06-02 09:00:00,6.8,6.8,6.6,6.75,7544482.75666174
2026-06-02 13:00:00,6.76,6.76,6.64,6.65,5691726.35811479
2026-06-02 17:00:00,6.65,6.68,6.59,6.62,9851780.42447528
2026-06-02 21:00:00,6.61,6.65,6.33,6.39,19820135.30842164
2026-06-03 01:00:00,6.37,6.52,6.31,6.42,8893487.95694588
2026-06-03 05:00:00,6.44,6.52,6.22,6.32,6741272.09864055
2026-06-03 09:00:00,6.34,6.44,6.27,6.3,3855336.43359884
2026-06-03 13:00:00,6.3,6.63,6.3,6.6,32337547.00018216
2026-06-03 17:00:00,6.61,6.66,6.54,6.62,2989131.75730556
2026-06-03 21:00:00,6.62,6.64,6.52,6.52,8679628.47386077
2026-06-04 01:00:00,6.52,6.56,6.44,6.47,19488615.65342814
2026-06-04 05:00:00,6.46,6.58,6.35,6.41,2445327.48083555
2026-06-04 09:00:00,6.42,6.47,5.91,6.32,32290540.91565659
2026-06-04 13:00:00,6.32,6.34,6.13,6.15,3852407.11933233
2026-06-04 17:00:00,6.13,6.17,5.95,6.04,28316000.83746572
2026-06-04 21:00:00,6.04,6.3,6.04,6.26,32054377.75233028
2026-06-05 01:00:00,6.26,6.3,6.18,6.23,1523206.63388637
2026-06-05 05:00:00,6.22,6.22,6.06,6.16,11534117.32425314
2026-06-05 09:00:00,6.17,6.17,5.89,5.89,23695046.11861113
2026-06-05 13:00:00,5.9,6.03,5.67,5.85,25412476.58723575
2026-06-05 17:00:00,5.85,5.85,5.76,5.77,20599785.49784845
2026-06-05 21:00:00,5.77,5.89,5.67,5.73,20900287.67857242
2026-06-06 01:00:00,5.71,5.87,5.6,5.75,10836251.70346291
2026-06-06 05:00:00,5.75,5.89,5.68,5.79,15533513.03658491
2026-06-06 09:00:00,5.8,5.85,5.67,5.69,15898142.03111754
2026-06-06 13:00:00,5.67,5.77,5.46,5.75,14439580.62160767
2026-06-06 17:00:00,5.76,5.83,5.67,5.76,3639848.05398559
2026-06-06 21:00:00,5.74,5.79,5.7,5.75,1094079.01716908
2026-06-07 01:00:00,5.75,5.76,5.65,5.68,1809919.84683479
2026-06-07 05:00:00,5.68,5.75,5.68,5.75,168385.46083811
2026-06-07 09:00:00,5.74,5.91,5.74,5.84,3761741.06901646
2026-06-07 13:00:00,5.84,5.91,5.82,5.91,499768.09785501
2026-06-07 17:00:00,5.89,6.03,5.89,5.94,1129727.17949626
2026-06-07 21:00:00,5.95,5.95,5.8,5.86,2265965.66209365
2026-06-08 01:00:00,5.88,5.9,5.74,5.76,994355.52764332
2026-06-08 05:00:00,5.77,6.09,5.77,5.89,5303423.39471726
2026-06-08 09:00:00,5.89,5.97,5.83,5.84,4471273.80226792
2026-06-08 13:00:00,5.84,5.84,5.74,5.79,1391041.04926125
2026-06-08 17:00:00,5.8,5.89,5.74,5.87,3375063.71995789
2026-06-08 21:00:00,5.85,5.88,5.82,5.85,1473206.668368
2026-06-09 01:00:00,5.85,5.88,5.82,5.83,1028616.03473586
2026-06-09 05:00:00,5.82,5.88,5.75,5.77,4052168.56916117
2026-06-09 09:00:00,5.78,5.79,5.6,5.61,13905813.3606274
2026-06-09 13:00:00,5.63,5.73,5.61,5.68,5250762.55068346
2026-06-09 17:00:00,5.68,5.69,5.61,5.67,5852558.63050986
2026-06-09 21:00:00,5.68,5.73,5.55,5.61,5676814.74608686
2026-06-10 01:00:00,5.58,5.69,5.55,5.57,3103717.0331154
2026-06-10 05:00:00,5.59,5.66,5.58,5.6,420075.60803433
2026-06-10 09:00:00,5.61,5.62,5.52,5.56,2261069.00869868
2026-06-10 13:00:00,5.56,5.61,5.5,5.61,3625403.67652644
2026-06-10 17:00:00,5.59,5.59,5.49,5.53,2554547.34373556
2026-06-10 21:00:00,5.51,5.69,5.49,5.64,7870995.55763421
2026-06-11 01:00:00,5.63,5.64,5.53,5.54,4545467.5250928
2026-06-11 05:00:00,5.52,5.62,5.46,5.62,1556826.73782807
2026-06-11 09:00:00,5.61,5.72,5.61,5.72,9731655.21908055
2026-06-11 13:00:00,5.72,6.08,5.69,5.92,39699633.48985336
2026-06-11 17:00:00,5.92,5.94,5.75,5.77,9430222.24299746
2026-06-11 21:00:00,5.77,5.89,5.69,5.85,23973701.65728392
2026-06-12 01:00:00,5.86,5.92,5.8,5.9,2359764.81454439
2026-06-12 05:00:00,5.9,5.95,5.85,5.89,2565534.83740778
2026-06-12 09:00:00,5.9,5.97,5.82,5.89,5944797.54681587
2026-06-12 13:00:00,5.87,5.87,5.78,5.82,3224605.74790615
2026-06-12 17:00:00,5.81,5.91,5.81,5.87,2098770.43578365
2026-06-12 21:00:00,5.86,5.95,5.77,5.82,4774690.10357964
2026-06-13 01:00:00,5.84,5.88,5.82,5.86,970197.59435159
2026-06-13 05:00:00,5.84,5.86,5.8,5.82,739388.17253899
2026-06-13 09:00:00,5.83,5.88,5.82,5.84,458540.79965543
2026-06-13 13:00:00,5.82,5.94,5.8,5.94,5379341.8378168
2026-06-13 17:00:00,5.94,6.02,5.92,6.0,6706326.48647854
2026-06-13 21:00:00,6.01,6.05,5.94,6.05,2505473.38548211
2026-06-14 01:00:00,6.03,6.06,5.97,6.06,869085.65731379
2026-06-14 05:00:00,6.05,6.06,5.98,5.99,1520331.79529918
2026-06-14 09:00:00,6.0,6.02,5.97,6.01,3674663.85393031
2026-06-14 13:00:00,6.0,6.02,5.94,5.96,3207554.55116635
2026-06-14 17:00:00,5.95,5.97,5.85,5.92,20916084.2477754
2026-06-14 21:00:00,5.93,5.95,5.84,5.85,2977739.87710472
2026-06-15 01:00:00,5.85,5.85,5.76,5.81,3357154.48661398
2026-06-15 05:00:00,5.81,6.05,5.81,6.0,6856037.24695676
2026-06-15 09:00:00,6.01,6.02,5.94,6.0,2446688.68804801
2026-06-15 13:00:00,6.0,6.08,5.99,6.05,9030389.00922635
2026-06-15 17:00:00,6.06,6.21,6.05,6.14,13132166.97113521
2026-06-15 21:00:00,6.14,6.23,6.11,6.22,9239155.58854588
2026-06-16 01:00:00,6.19,6.2,6.05,6.07,6695085.7993738
2026-06-16 05:00:00,6.08,6.1,5.98,6.06,12992516.57171692
2026-06-16 09:00:00,6.04,6.08,5.92,6.01,3404183.60319459
2026-06-16 13:00:00,6.0,6.03,5.95,5.98,5276151.38239741
2026-06-16 17:00:00,6.0,6.08,5.98,6.01,3175481.69698253
2026-06-16 21:00:00,6.01,6.06,5.82,5.91,4930439.36140935
2026-06-17 01:00:00,5.9,6.0,5.89,5.96,920160.34305135
2026-06-17 05:00:00,5.98,6.03,5.96,5.96,1161254.85010151
2026-06-17 09:00:00,5.98,6.1,5.98,6.0,7480960.27085627
2026-06-17 13:00:00,6.02,6.02,5.97,5.97,4548131.08914372
2026-06-17 17:00:00,5.99,5.99,5.89,5.95,10658682.6160847
2026-06-17 21:00:00,5.95,6.03,5.91,6.03,3922839.43246157
2026-06-18 01:00:00,6.04,6.07,5.88,5.88,2989408.18521179
2026-06-18 05:00:00,5.9,5.95,5.87,5.94,1914190.97605719
2026-06-18 09:00:00,5.94,5.97,5.86,5.89,3524754.83324333
2026-06-18 13:00:00,5.87,5.87,5.73,5.82,11988990.61248097
2026-06-18 17:00:00,5.82,5.83,5.73,5.75,6323457.91045454
2026-06-18 21:00:00,5.74,5.78,5.57,5.58,14720150.28680956
2026-06-19 01:00:00,5.59,5.66,5.58,5.66,564727.66888899
2026-06-19 05:00:00,5.65,5.7,5.6,5.69,7041739.27925235
2026-06-19 09:00:00,5.71,6.15,5.55,5.62,258069656.55534184
2026-06-19 13:00:00,5.61,5.62,5.53,5.57,23599532.17095285
2026-06-19 17:00:00,5.57,5.6,5.56,5.57,11069781.39844358
2026-06-19 21:00:00,5.57,5.66,5.56,5.64,16878420.66286315
2026-06-20 01:00:00,5.64,5.67,5.62,5.62,456670.53401445
2026-06-20 05:00:00,5.62,5.65,5.6,5.65,2210300.56101025
2026-06-20 09:00:00,5.65,5.67,5.53,5.53,8118061.97330464
2026-06-20 13:00:00,5.55,5.65,5.55,5.59,2676697.50681384
2026-06-20 17:00:00,5.61,5.64,5.58,5.6,3243344.51657427
2026-06-20 21:00:00,5.61,5.67,5.53,5.61,6015479.59512077
2026-06-21 01:00:00,5.61,5.61,5.57,5.58,567863.33865148
2026-06-21 05:00:00,5.57,5.65,5.56,5.65,4369888.31524589
2026-06-21 09:00:00,5.63,5.67,5.61,5.62,3767932.66701564
2026-06-21 13:00:00,5.62,5.65,5.61,5.64,3214444.6025672
2026-06-21 17:00:00,5.62,5.63,5.59,5.6,1343998.9140084
2026-06-21 21:00:00,5.6,5.65,5.6,5.65,1939541.75489506
2026-06-22 01:00:00,5.63,5.63,5.58,5.61,504824.33890909
2026-06-22 05:00:00,5.59,5.59,5.5,5.53,1332326.30584994
2026-06-22 09:00:00,5.53,5.66,5.53,5.54,9169415.93607544
2026-06-22 13:00:00,5.56,5.58,5.53,5.57,1362720.25123325
2026-06-22 17:00:00,5.56,5.6,5.53,5.59,2006877.07233886
2026-06-22 21:00:00,5.58,5.63,5.56,5.57,4001648.38245651
2026-06-23 01:00:00,5.57,5.58,5.51,5.51,6910583.58290682
2026-06-23 05:00:00,5.53,5.53,5.42,5.49,4319188.95631443
2026-06-23 09:00:00,5.49,5.64,5.45,5.48,63505843.95482643
2026-06-23 13:00:00,5.49,5.49,5.3,5.32,10166721.16268758
2026-06-23 17:00:00,5.33,5.36,5.23,5.36,8668171.51162986
2026-06-23 21:00:00,5.35,5.43,5.32,5.35,7039438.15644392
2026-06-24 01:00:00,5.36,5.42,5.36,5.38,1098432.57613204
2026-06-24 05:00:00,5.39,5.4,5.36,5.36,884562.89276311
2026-06-24 09:00:00,5.36,5.39,5.33,5.36,4570826.46352617
2026-06-24 13:00:00,5.35,5.4,5.32,5.34,10783412.85063043
2026-06-24 17:00:00,5.33,5.39,5.29,5.39,5031976.32220346
2026-06-24 21:00:00,5.37,5.39,5.21,5.23,12536337.86399622
2026-06-25 01:00:00,5.27,5.3,5.09,5.2,7045967.08134497
2026-06-25 05:00:00,5.22,5.31,5.22,5.26,2596894.46306466
2026-06-25 09:00:00,5.26,5.28,5.2,5.22,5345367.48266846
2026-06-25 13:00:00,5.22,5.3,5.19,5.25,4969852.94432795
2026-06-25 17:00:00,5.27,5.29,5.24,5.26,13924891.66187448
2026-06-25 21:00:00,5.25,5.29,5.0,5.17,23008171.64401386
2026-06-26 01:00:00,5.17,5.2,5.12,5.14,593993.05787001
2026-06-26 05:00:00,5.14,5.22,5.14,5.2,1327406.85112516
2026-06-26 09:00:00,5.2,5.22,5.06,5.2,16335664.12268157
2026-06-26 13:00:00,5.17,5.31,5.12,5.29,16674852.73625501
2026-06-26 17:00:00,5.28,5.28,5.16,5.16,4513810.58962561
2026-06-26 21:00:00,5.16,5.28,5.12,5.25,9511266.60288037
2026-06-27 01:00:00,5.25,5.29,5.25,5.25,5101776.54282309
2026-06-27 05:00:00,5.25,5.28,5.19,5.25,14635938.46593742
2026-06-27 09:00:00,5.26,5.33,5.25,5.32,16124279.17088409
2026-06-27 13:00:00,5.32,5.42,5.29,5.35,47603829.19560852
2026-06-27 17:00:00,5.36,5.42,5.34,5.36,18272260.54042919
2026-06-27 21:00:00,5.37,5.38,5.33,5.34,13517909.41754689
2026-06-28 01:00:00,5.35,5.35,5.25,5.26,3712089.86683518
2026-06-28 05:00:00,5.27,5.29,5.22,5.24,7160987.99953926
2026-06-28 09:00:00,5.23,5.38,5.21,5.34,19665267.7815033
2026-06-28 13:00:00,5.34,5.36,5.28,5.28,11162309.07972179
2026-06-28 17:00:00,5.27,5.31,5.25,5.29,10162340.27460938
2026-06-28 21:00:00,5.3,5.34,5.27,5.3,13265349.15566767
2026-06-29 01:00:00,5.28,5.4,5.23,5.38,8389334.27193563
2026-06-29 05:00:00,5.38,5.43,5.22,5.29,12977200.90925583
2026-06-29 09:00:00,5.29,5.41,5.26,5.41,16740538.52787802
2026-06-29 13:00:00,5.38,5.43,5.34,5.42,10913223.99278568
2026-06-29 17:00:00,5.41,5.41,5.3,5.33,15635670.52840599
2026-06-29 21:00:00,5.32,5.4,5.23,5.28,19149697.82937045
2026-06-30 01:00:00,5.28,5.36,5.27,5.29,1859814.92124436
2026-06-30 05:00:00,5.31,5.31,5.26,5.27,5749060.74081585
2026-06-30 09:00:00,5.27,5.29,5.22,5.22,10325113.09837076
2026-06-30 13:00:00,5.22,5.24,5.21,5.21,2522706.73629482
2026-06-30 17:00:00,5.22,5.25,5.17,5.17,11744914.72565583
2026-06-30 21:00:00,5.17,5.24,5.06,5.09,43001086.88327718
2026-07-01 01:00:00,5.1,5.14,5.1,5.11,827490.02982757
2026-07-01 05:00:00,5.1,5.11,5.06,5.08,4442744.98329199
2026-07-01 09:00:00,5.08,5.16,5.01,5.16,8922714.41488124
2026-07-01 13:00:00,5.16,5.18,5.07,5.12,2590006.64000934
2026-07-01 17:00:00,5.12,5.24,5.11,5.23,7320440.98688098
2026-07-01 21:00:00,5.22,5.37,5.19,5.36,15271602.91967227
2026-07-02 01:00:00,5.35,5.43,5.33,5.35,3911886.54254377
2026-07-02 05:00:00,5.34,5.4,5.32,5.33,5078552.64518582
2026-07-02 09:00:00,5.35,5.39,5.28,5.39,6796916.10943596
2026-07-02 13:00:00,5.38,5.39,5.3,5.33,7512111.19594505
2026-07-02 17:00:00,5.3,5.39,5.29,5.37,2768161.90805744
2026-07-02 21:00:00,5.36,5.4,5.33,5.35,8214893.36097402
2026-07-03 01:00:00,5.33,5.38,5.32,5.37,1027315.13989847
2026-07-03 05:00:00,5.37,5.4,5.36,5.4,2014422.13068906
2026-07-03 09:00:00,5.41,5.42,5.36,5.39,3670497.35890865
2026-07-03 13:00:00,5.38,5.41,5.36,5.38,3518658.69471841
2026-07-03 17:00:00,5.4,5.56,5.38,5.54,5162447.10241254
2026-07-03 21:00:00,5.54,5.55,5.48,5.5,4846904.59671914
2026-07-04 01:00:00,5.5,5.52,5.48,5.51,2478487.41976993
2026-07-04 05:00:00,5.52,5.63,5.52,5.56,1776394.75727652
2026-07-04 09:00:00,5.55,5.59,5.47,5.5,9462828.24063431
2026-07-04 13:00:00,5.51,5.64,5.47,5.52,17213152.51533468
2026-07-04 17:00:00,5.52,5.57,5.48,5.57,2650808.50903419
2026-07-04 21:00:00,5.57,5.68,5.56,5.66,5853835.66129617
2026-07-05 01:00:00,5.67,5.72,5.65,5.67,1585637.11657183
2026-07-05 05:00:00,5.65,5.67,5.58,5.61,6197525.68688487
2026-07-05 09:00:00,5.61,5.64,5.53,5.56,6255944.65012011
2026-07-05 13:00:00,5.56,5.58,5.47,5.55,3217625.71893543
2026-07-05 17:00:00,5.56,5.56,5.45,5.45,4852965.14589698
2026-07-05 21:00:00,5.44,5.51,5.43,5.51,6248111.84788153
2026-07-06 01:00:00,5.49,5.51,5.48,5.51,1100947.17833932
2026-07-06 05:00:00,5.51,5.55,5.49,5.52,2064369.18505413
2026-07-06 09:00:00,5.52,5.52,5.43,5.43,6445484.21810657
2026-07-06 13:00:00,5.44,5.47,5.4,5.41,2226268.9445023
2026-07-06 17:00:00,5.43,5.44,5.41,5.41,1652672.53752224
2026-07-06 21:00:00,5.4,5.54,5.34,5.54,8425820.23898228
2026-07-07 01:00:00,5.54,5.63,5.49,5.61,10830971.28500689
2026-07-07 05:00:00,5.6,5.68,5.54,5.54,7443949.77689582
2026-07-07 09:00:00,5.54,5.56,5.45,5.45,941838.45497749
2026-07-07 13:00:00,5.47,5.5,5.43,5.5,5533644.63886595
2026-07-07 17:00:00,5.47,5.49,5.43,5.45,4990828.32071464
2026-07-07 21:00:00,5.45,5.48,5.36,5.45,7669692.81395317
2026-07-08 01:00:00,5.46,5.47,5.36,5.39,4829960.42782459
2026-07-08 05:00:00,5.39,5.4,5.3,5.34,2070013.92159325
2026-07-08 09:00:00,5.36,5.36,5.2,5.25,9010363.82858096
2026-07-08 13:00:00,5.26,5.27,5.2,5.23,3831040.39903456
2026-07-08 17:00:00,5.24,5.26,5.16,5.25,1900513.7456205
2026-07-08 21:00:00,5.23,5.24,5.18,5.18,2901850.74330941
2026-07-09 01:00:00,5.2,5.24,5.18,5.21,291830.04999648
2026-07-09 05:00:00,5.2,5.24,5.2,5.22,328682.09138506
2026-07-09 09:00:00,5.22,5.29,5.22,5.27,4254692.35769669
2026-07-09 13:00:00,5.26,5.33,5.26,5.3,2931040.71105983
2026-07-09 17:00:00,5.31,5.32,5.26,5.29,2126803.96888875
2026-07-09 21:00:00,5.29,5.32,5.27,5.27,1080425.62153824
2026-07-10 01:00:00,5.27,5.35,5.27,5.32,538617.73258141
2026-07-10 05:00:00,5.3,5.36,5.3,5.32,2127024.6301155
2026-07-10 09:00:00,5.34,5.41,5.32,5.39,2120787.8164169
2026-07-10 13:00:00,5.37,5.42,5.37,5.4,998454.68741748
2026-07-10 17:00:00,5.4,5.45,5.38,5.41,2082572.30546664
2026-07-10 21:00:00,5.41,5.43,5.32,5.34,3848055.81508098
2026-07-11 01:00:00,5.34,5.37,5.31,5.35,856644.51813341
2026-07-11 05:00:00,5.33,5.36,5.32,5.34,1673262.1016542
2026-07-11 09:00:00,5.34,5.38,5.34,5.38,710552.73270159
2026-07-11 13:00:00,5.38,5.38,5.34,5.34,3712878.57964363
2026-07-11 17:00:00,5.34,5.6,5.34,5.6,8868501.97541244
2026-07-11 21:00:00,5.59,6.44,5.58,5.88,2057214560.57804
2026-07-12 01:00:00,5.89,5.91,5.64,5.66,178487050.38527408
2026-07-12 05:00:00,5.67,6.01,5.59,5.79,250130186.1471903
2026-07-12 09:00:00,5.79,6.39,5.58,5.68,1014080987.4214804
2026-07-12 13:00:00,5.68,5.73,5.53,5.55,147946849.661386
2026-07-12 17:00:00,5.55,5.79,5.49,5.58,240993493.4445718
2026-07-12 21:00:00,5.58,5.62,5.48,5.5,86162639.81465912
2026-07-13 01:00:00,5.49,5.55,5.48,5.52,18144569.84391382
2026-07-13 05:00:00,5.5,5.62,5.48,5.59,76406585.70141055
2026-07-13 09:00:00,5.59,5.85,5.27,5.36,448243473.2018768
2026-07-13 13:00:00,5.36,5.41,5.28,5.34,40219515.99855363
2026-07-13 17:00:00,5.34,5.35,5.29,5.31,26152557.52187807
2026-07-13 21:00:00,5.32,5.35,5.27,5.33,24251481.66188387
2026-07-14 01:00:00,5.33,5.34,5.28,5.3,4596343.98559471
2026-07-14 05:00:00,5.3,5.36,5.21,5.27,25637473.62139984
2026-07-14 09:00:00,5.27,5.41,5.19,5.22,96198730.33011515
2026-07-14 13:00:00,5.22,5.27,5.22,5.24,12152129.99626272
2026-07-14 17:00:00,5.22,5.25,5.19,5.25,23572602.51468856
2026-07-14 21:00:00,5.24,5.34,5.23,5.31,13419322.75145004
2026-07-15 01:00:00,5.31,5.32,5.26,5.27,2759686.93014141
2026-07-15 05:00:00,5.28,5.3,5.25,5.25,4919284.33225256
2026-07-15 09:00:00,5.26,5.31,5.23,5.26,21200740.22054742
2026-07-15 13:00:00,5.24,5.28,5.19,5.22,12923371.96349909
2026-07-15 17:00:00,5.21,5.43,5.19,5.34,32131567.91045305
2026-07-15 21:00:00,5.31,5.43,5.28,5.41,21114927.95522532
2026-07-16 01:00:00,5.42,5.81,5.36,5.44,85095062.26390254
2026-07-16 05:00:00,5.44,5.48,5.36,5.38,13027264.19109557
2026-07-16 09:00:00,5.39,5.47,5.36,5.38,6928115.09513402
2026-07-16 13:00:00,5.4,5.4,5.33,5.34,3779771.00414926
2026-07-16 17:00:00,5.33,5.38,5.3,5.33,6005905.17214734
2026-07-16 21:00:00,5.31,5.33,5.28,5.28,2322804.73171868
2026-07-17 01:00:00,5.29,5.29,5.23,5.25,5643679.55639847
2026-07-17 05:00:00,5.25,5.31,5.23,5.24,3831443.15726971
2026-07-17 09:00:00,5.24,5.27,5.22,5.23,6718026.31929176
2026-07-17 13:00:00,5.22,5.23,5.17,5.18,16984837.56466357
2026-07-17 17:00:00,5.17,5.26,5.17,5.25,6618651.09038411
2026-07-17 21:00:00,5.24,5.26,5.19,5.24,2216934.64960375
2026-07-18 01:00:00,5.24,5.25,5.2,5.2,10962579.45294512
2026-07-18 05:00:00,5.2,5.21,5.18,5.2,5306794.16024128
2026-07-18 09:00:00,5.21,5.24,5.18,5.2,6806305.54373465
2026-07-18 13:00:00,5.19,5.21,5.17,5.19,6232184.64224043
2026-07-18 17:00:00,5.19,5.24,5.18,5.2,8976318.08772591
2026-07-18 21:00:00,5.19,5.21,5.16,5.17,8024236.26159779
2026-07-19 01:00:00,5.17,5.18,5.16,5.18,756627.64977499
2026-07-19 05:00:00,5.18,5.2,5.16,5.2,290747.04744039
2026-07-19 09:00:00,5.19,5.22,5.19,5.2,2876175.64525302
2026-07-19 13:00:00,5.2,5.21,5.2,5.2,710504.94804874
2026-07-19 17:00:00,5.2,5.24,5.17,5.23,3708807.34294834
2026-07-19 21:00:00,5.23,5.24,5.17,5.18,6602442.76284545
2026-07-20 01:00:00,5.17,5.17,5.08,5.11,9009970.95092661
2026-07-20 05:00:00,5.11,5.13,5.09,5.12,2939255.09890541
2026-07-20 09:00:00,5.12,5.16,5.11,5.14,3440727.93017816
2026-07-20 13:00:00,5.12,5.16,5.08,5.14,4074542.27038002
2026-07-20 17:00:00,5.16,5.59,5.13,5.2,417704693.2626856
2026-07-20 21:00:00,5.24,5.24,5.1,5.2,108742957.05519933
2026-07-21 01:00:00,5.22,5.25,5.21,5.24,9877983.99246467
2026-07-21 05:00:00,5.22,5.27,5.2,5.24,15267093.87122973
2026-07-21 09:00:00,5.24,5.36,5.11,5.19,66338945.68472853
2026-07-21 13:00:00,5.19,5.25,5.17,5.24,15255100.07827351
2026-07-21 17:00:00,5.22,5.3,5.18,5.21,20292443.47315729
2026-07-21 21:00:00,5.2,5.23,5.19,5.23,5562473.63983681
2026-07-22 01:00:00,5.23,5.24,5.19,5.22,1507072.92198829
2026-07-22 05:00:00,5.22,5.24,5.19,5.21,1724929.68781867
2026-07-22 09:00:00,5.21,5.23,5.15,5.15,11701339.98895193
2026-07-22 13:00:00,5.18,5.18,5.11,5.13,4735904.65169312
2026-07-22 17:00:00,5.13,5.16,5.12,5.14,6284875.2266117
2026-07-22 21:00:00,5.15,5.18,5.13,5.17,1442981.51904963
2026-07-23 01:00:00,5.18,5.2,5.17,5.17,1160262.3251562
2026-07-23 05:00:00,5.19,5.21,5.17,5.17,3339133.53220745
2026-07-23 09:00:00,5.18,5.23,5.16,5.17,11241254.64253115
2026-07-23 13:00:00,5.18,5.19,5.15,5.18,1433940.65446464
2026-07-23 17:00:00,5.18,5.19,5.16,5.17,837709.28678283
2026-07-23 21:00:00,5.17,5.19,5.13,5.13,4080939.4463839
2026-07-24 01:00:00,5.15,5.17,5.12,5.12,4683759.22719579
2026-07-24 05:00:00,5.14,5.16,5.12,5.14,1519284.0919269
2026-07-24 09:00:00,5.14,5.14,5.07,5.1,5865123.97464
2026-07-24 13:00:00,5.1,5.14,5.09,5.13,684368.30024215
2026-07-24 17:00:00,5.13,5.15,5.1,5.1,3151927.37538569
2026-07-24 21:00:00,5.13,5.13,5.05,5.08,6399302.35450094
2026-07-25 01:00:00,5.07,5.13,5.06,5.13,982377.31850171
2026-07-25 05:00:00,5.12,5.13,5.11,5.11,451742.6225745
2026-07-25 09:00:00,5.13,5.13,5.1,5.12,625823.13238581
2026-07-25 13:00:00,5.13,5.13,5.07,5.07,4071393.75507074
2026-07-25 17:00:00,5.06,5.11,5.06,5.08,2430770.50398649
2026-07-25 21:00:00,5.07,5.11,5.05,5.08,6217084.37159635
2026-07-26 01:00:00,5.09,5.16,5.09,5.15,1265602.31242064
2026-07-26 05:00:00,5.13,5.14,5.11,5.14,666277.7936688
2026-07-26 09:00:00,5.13,5.13,5.11,5.13,835036.83723547
2026-07-26 13:00:00,5.13,5.16,5.11,5.14,12762631.75426887
2026-07-26 17:00:00,5.12,5.12,5.08,5.09,8484619.00647574
2026-07-26 21:00:00,5.08,5.08,5.04,5.08,3831728.02862668
2026-07-27 01:00:00,5.08,5.1,5.07,5.07,1830100.24155769
2026-07-27 05:00:00,5.06,5.12,5.05,5.11,2414605.69911952
2026-07-27 09:00:00,5.1,5.12,5.08,5.1,8512366.63593075
2026-07-27 13:00:00,5.1,5.13,5.09,5.11,2329546.10639815
2026-07-27 17:00:00,5.1,5.25,5.06,5.13,27268517.78536509
2026-07-27 21:00:00,5.14,5.17,5.02,5.05,16009403.59725646
2026-07-28 01:00:00,5.04,5.07,5.04,5.04,1324253.99759876
2026-07-28 05:00:00,5.04,5.05,4.87,4.9,16957380.26196115
2026-07-28 09:00:00,4.9,4.9,4.8,4.86,12856262.37283844
2026-07-28 13:00:00,4.87,4.87,4.83,4.84,1613940.51954463
2026-07-28 17:00:00,4.84,4.87,4.82,4.82,2340650.48499411
2026-07-28 21:00:00,4.82,4.89,4.79,4.87,10126410.1870021
2026-07-29 01:00:00,4.89,4.91,4.87,4.91,1698524.87648813
2026-07-29 05:00:00,4.92,5.25,4.92,5.01,54004290.43405816
2026-07-29 09:00:00,5.04,5.04,4.81,4.81,16839328.56549702
2026-07-29 13:00:00,4.83,4.84,4.77,4.84,5377354.47584067
2026-07-29 17:00:00,4.82,4.84,4.81,4.82,4918536.0921542
2026-07-29 21:00:00,4.82,4.82,4.75,4.75,2417252.37186705
2026-07-30 01:00:00,4.77,4.8,4.68,4.69,2162321.12424723
2026-07-30 05:00:00,4.68,4.72,4.63,4.72,5326474.01555232
2026-07-30 09:00:00,4.69,4.79,4.68,4.79,1136514.62237093
2026-07-30 13:00:00,4.78,4.8,4.76,4.8,1242544.45989102
2026-07-30 17:00:00,4.77,4.79,4.76,4.78,1271907.6749677
2026-07-30 21:00:00,4.77,4.85,4.74,4.84,2862099.81314355
2026-07-31 01:00:00,4.82,4.83,4.78,4.78,1914854.22842246
2026-07-31 05:00:00,4.78,4.8,4.75,4.75,266959.92016356
2026-07-31 09:00:00,4.77,4.85,4.77,4.81,1855610.95973824
2026-07-31 13:00:00,4.82,4.9,4.8,4.84,9062467.08973173
2026-07-31 17:00:00,4.83,4.85,4.81,4.85,4061822.85074609
2026-07-31 21:00:00,4.85,4.88,4.78,4.87,3251664.65177342
2026-08-01 01:00:00,4.85,4.85,4.81,4.81,2026919.92766224
2026-08-01 05:00:00,4.83,4.85,4.81,4.85,2242891.94151186
2026-08-01 09:00:00,4.86,4.89,4.84,4.89,3344073.16490673
2026-08-01 13:00:00,4.9,4.96,4.9,4.9,1785374.05141377
2026-08-01 17:00:00,4.92,4.97,4.9,4.92,373771.01682453
2026-08-01 21:00:00,4.92,4.92,4.88,4.91,3165569.08118531
2026-08-02 01:00:00,4.91,4.93,4.85,4.88,3299010.21825715
2026-08-02 05:00:00,4.87,4.9,4.87,4.88,119075.16259734
2026-08-02 09:00:00,4.89,5.06,4.89,4.91,5239390.79707669
2026-08-02 13:00:00,4.91,4.93,4.89,4.9,2190460.78319894
2026-08-02 17:00:00,4.9,4.9,4.87,4.88,3052279.06904757
2026-08-02 21:00:00,4.88,4.89,4.86,4.88,2710707.85851562
2026-08-03 01:00:00,4.89,4.89,4.88,4.89,84641.64093053
2026-08-03 05:00:00,4.89,4.9,4.86,4.86,963596.64780346
2026-08-03 09:00:00,4.86,4.86,4.81,4.82,930748.06718851
2026-08-03 13:00:00,4.81,4.87,4.8,4.82,12350984.29801543
2026-08-03 17:00:00,4.81,4.83,4.77,4.79,7687388.8132912
2026-08-03 21:00:00,4.78,4.88,4.77,4.86,3278646.58050496
2026-08-04 01:00:00,4.86,4.86,4.83,4.85,242672.94070082
2026-08-04 05:00:00,4.85,4.85,4.81,4.83,2303114.1296031
2026-08-04 09:00:00,4.83,4.85,4.77,4.83,3490170.0339022
2026-08-04 13:00:00,4.83,4.86,4.8,4.81,4599182.66609533
2026-08-04 17:00:00,4.83,4.83,4.81,4.83,18806.78308418
2026-08-04 21:00:00,4.81,4.86,4.79,4.82,2637190.91614646
2026-08-05 01:00:00,4.83,4.83,4.81,4.83,99078.42850336
2026-08-05 05:00:00,4.83,4.84,4.83,4.84,498240.24981964
2026-08-05 09:00:00,4.83,4.86,4.82,4.85,2388843.38268484
2026-08-05 13:00:00,4.83,4.91,4.83,4.89,1391087.45477417
2026-08-05 17:00:00,4.89,4.89,4.87,4.88,973151.16578743
2026-08-05 21:00:00,4.88,4.92,4.87,4.92,1405059.24889682
2026-08-06 01:00:00,4.92,4.94,4.9,4.92,3763320.98798662
2026-08-06 05:00:00,4.89,4.91,4.88,4.89,977787.07909534
2026-08-06 09:00:00,4.9,4.94,4.88,4.92,3539819.46001645
2026-08-06 13:00:00,4.92,4.99,4.91,4.97,1021307.94851424
2026-08-06 17:00:00,4.98,4.98,4.89,4.92,2649230.60130054
2026-08-06 21:00:00,4.92,4.97,4.92,4.97,527310.6337973
2026-08-07 01:00:00,4.95,4.98,4.93,4.93,239127.87782785
2026-08-07 05:00:00,4.93,4.96,4.93,4.94,125558.80564549
2026-08-07 09:00:00,4.94,4.96,4.92,4.92,814524.79637584
2026-08-07 13:00:00,4.92,4.99,4.92,4.96,3852672.51664287
2026-08-07 17:00:00,4.96,4.97,4.93,4.93,2441509.83536167
2026-08-07 21:00:00,4.92,4.94,4.89,4.89,2350331.68238517
2026-08-08 01:00:00,4.91,4.93,4.89,4.89,1399528.89956216
2026-08-08 05:00:00,4.89,4.91,4.88,4.88,670990.97612769
2026-08-08 09:00:00,4.91,4.99,4.91,4.96,5214071.66703774
2026-08-08 13:00:00,4.95,4.95,4.92,4.93,1398852.19020476
2026-08-08 17:00:00,4.95,4.97,4.93,4.93,1504304.73477894
2026-08-08 21:00:00,4.93,4.93,4.93,4.93,108495.97494035
2026-08-09 01:00:00,4.95,4.97,4.95,4.97,411155.33670679
2026-08-09 05:00:00,4.98,5.05,4.98,5.0,1742032.03060613
2026-08-09 09:00:00,5.0,5.09,5.0,5.06,2199451.16624039
2026-08-09 13:00:00,5.07,5.15,5.07,5.1,11889148.99445803
2026-08-09 17:00:00,5.11,5.11,5.08,5.09,797583.35438767
2026-08-09 21:00:00,5.09,5.11,5.06,5.09,484157.76093938
2026-08-10 01:00:00,5.08,5.12,5.07,5.12,266494.14260499
2026-08-10 05:00:00,5.12,5.18,5.06,5.15,3495886.78010799
2026-08-10 09:00:00,5.15,5.18,5.06,5.07,2745647.18309952
2026-08-10 13:00:00,5.09,5.11,5.06,5.06,1415161.68362404
2026-08-10 17:00:00,5.08,5.1,5.06,5.1,1634491.95371525
2026-08-10 21:00:00,5.08,5.1,5.06,5.06,788826.07374339
2026-08-11 01:00:00,5.06,5.08,5.06,5.07,52317.36057658
2026-08-11 05:00:00,5.08,5.08,5.04,5.04,1362132.89554473
2026-08-11 09:00:00,5.04,5.04,4.98,4.98,2981000.51293185
2026-08-11 13:00:00,4.97,4.97,4.9,4.91,874198.79029106
2026-08-11 17:00:00,4.92,4.94,4.92,4.92,2456306.42587938
2026-08-11 21:00:00,4.91,4.92,4.82,4.82,3827186.0978246
2026-08-12 01:00:00,4.85,4.91,4.84,4.85,1406059.47527116
2026-08-12 05:00:00,4.88,4.9,4.87,4.88,4305489.29184725
2026-08-12 09:00:00,4.88,4.92,4.85,4.89,11591914.302386
2026-08-12 13:00:00,4.88,4.91,4.84,4.84,6983290.67030561
2026-08-12 17:00:00,4.86,4.87,4.84,4.87,1771546.11789272
2026-08-12 21:00:00,4.88,4.89,4.81,4.83,1505408.73220489
2026-08-13 01:00:00,4.81,4.84,4.8,4.8,3551200.55881406
2026-08-13 05:00:00,4.8,4.8,4.72,4.76,1615466.74083646
2026-08-13 09:00:00,4.76,4.81,4.74,4.8,8075289.06153408
2026-08-13 13:00:00,4.79,4.85,4.78,4.8,3416398.27783975
2026-08-13 17:00:00,4.8,4.81,4.79,4.79,1105936.30090685
2026-08-13 21:00:00,4.81,4.82,4.79,4.79,364552.05187896
2026-08-14 01:00:00,4.79,4.79,4.77,4.77,60981.07218193
2026-08-14 05:00:00,4.8,4.8,4.79,4.79,72942.03897006
2026-08-14 09:00:00,4.8,4.83,4.8,4.8,3465698.79518473
2026-08-14 13:00:00,4.8,4.8,4.74,4.74,6446479.52736205
2026-08-14 17:00:00,4.74,4.77,4.7,4.7,5761128.28355269
2026-08-14 21:00:00,4.71,4.72,4.67,4.72,1091925.83923358
2026-08-15 01:00:00,4.75,4.77,4.73,4.73,66517.51993152
2026-08-15 05:00:00,4.73,4.76,4.73,4.75,494333.98551851
2026-08-15 09:00:00,4.76,4.78,4.74,4.77,1951523.79510815
2026-08-15 13:00:00,4.77,4.78,4.77,4.78,190929.97485178
2026-08-15 17:00:00,4.78,4.82,4.77,4.82,2164787.01004025
2026-08-15 21:00:00,4.83,4.83,4.81,4.81,43395.94418056
2026-08-16 01:00:00,4.81,4.81,4.8,4.8,51830.54281773
2026-08-16 05:00:00,4.8,4.82,4.76,4.78,719633.61440102
2026-08-16 09:00:00,4.78,4.8,4.75,4.79,1081749.76534877
2026-08-16 13:00:00,4.81,4.86,4.78,4.83,959665.92128061
2026-08-16 17:00:00,4.82,4.83,4.78,4.78,1218369.44160884
2026-08-16 21:00:00,4.78,4.82,4.78,4.79,1959542.10886433
2026-08-17 01:00:00,4.81,4.82,4.74,4.81,2785507.15678395
2026-08-17 05:00:00,4.79,4.79,4.71,4.75,126182.2958242
2026-08-17 09:00:00,4.73,4.8,4.72,4.76,3052826.93983473
2026-08-17 13:00:00,4.76,4.79,4.76,4.79,640139.87364458
2026-08-17 17:00:00,4.76,4.76,4.74,4.74,227599.15314186
2026-08-17 21:00:00,4.75,4.76,4.73,4.76,197546.43813735
2026-08-18 01:00:00,4.76,4.77,4.74,4.75,753589.52417232
2026-08-18 05:00:00,4.74,4.75,4.71,4.74,2959633.53059785
2026-08-18 09:00:00,4.73,4.76,4.63,4.65,6419744.24208631
2026-08-18 13:00:00,4.65,4.69,4.65,4.66,1571559.18221754
2026-08-18 17:00:00,4.66,4.71,4.66,4.68,1691983.15060607
2026-08-18 21:00:00,4.68,4.71,4.66,4.7,533646.08331487
2026-08-19 01:00:00,4.71,4.72,4.7,4.7,220227.08588913
2026-08-19 05:00:00,4.69,4.7,4.68,4.69,2307926.94332918
2026-08-19 09:00:00,4.69,4.69,4.64,4.64,2186286.99335252
2026-08-19 13:00:00,4.64,4.67,4.63,4.64,2451680.93011096
2026-08-19 17:00:00,4.64,4.66,4.61,4.64,1798887.98241711
2026-08-19 21:00:00,4.62,4.8,4.62,4.7,10349312.65448348
2026-08-20 01:00:00,4.74,4.75,4.68,4.72,2141843.15448884
2026-08-20 05:00:00,4.72,4.85,4.72,4.77,4226461.444602
2026-08-20 09:00:00,4.79,5.0,4.79,4.8,49151586.36779135
2026-08-20 13:00:00,4.82,4.83,4.8,4.81,2347688.79311274
2026-08-20 17:00:00,4.83,4.93,4.83,4.93,2919244.57542941
2026-08-20 21:00:00,4.9,4.96,4.89,4.96,3665193.22481426
2026-08-21 01:00:00,4.95,5.1,4.94,4.97,9735617.01974893
2026-08-21 05:00:00,4.97,5.3,4.92,4.99,51308565.95162175
2026-08-21 09:00:00,5.02,5.09,4.97,5.02,9297280.73320791
2026-08-21 13:00:00,5.02,5.13,5.01,5.13,8222588.46553575
2026-08-21 17:00:00,5.11,5.3,5.11,5.21,21692307.74844594
2026-08-21 21:00:00,5.23,5.32,5.23,5.28,6247423.45523619
2026-08-22 01:00:00,5.3,5.35,5.28,5.3,5039567.5759684
2026-08-22 05:00:00,5.32,5.47,5.32,5.41,6628214.21179771
2026-08-22 09:00:00,5.45,5.92,5.44,5.7,73078184.11304191
2026-08-22 13:00:00,5.7,5.77,5.2,5.56,33110104.57519789
2026-08-22 17:00:00,5.56,5.58,5.27,5.38,18795614.87806561
2026-08-22 21:00:00,5.4,5.67,5.4,5.48,61410619.66372164
2026-08-23 01:00:00,5.48,5.62,5.47,5.56,13966201.80199067
2026-08-23 05:00:00,5.56,5.56,5.4,5.49,1395416.20130591
2026-08-23 09:00:00,5.49,5.56,5.31,5.32,17886574.10847456
2026-08-23 13:00:00,5.33,5.34,5.24,5.34,8172355.02423596
2026-08-23 17:00:00,5.32,5.58,5.32,5.55,7268006.9714002
2026-08-23 21:00:00,5.54,5.65,5.5,5.6,12439638.63403014
2026-08-24 01:00:00,5.59,5.6,5.57,5.58,2346106.64039496
2026-08-24 05:00:00,5.61,5.65,5.53,5.57,2480507.9092875
2026-08-24 09:00:00,5.58,5.58,5.37,5.43,16340809.12937095
2026-08-24 13:00:00,5.44,5.45,5.41,5.43,6494374.47548758
2026-08-24 17:00:00,5.45,5.58,5.39,5.54,4880031.43064068
2026-08-24 21:00:00,5.54,5.6,5.45,5.55,4450808.77360318
2026-08-25 01:00:00,5.53,5.63,5.51,5.53,1806073.95026319
2026-08-25 05:00:00,5.56,5.57,5.47,5.51,3904959.98450549
2026-08-25 09:00:00,5.51,5.58,5.51,5.54,2523648.33867344
2026-08-25 13:00:00,5.55,5.63,5.53,5.58,4968045.00293488
2026-08-25 17:00:00,5.58,5.81,5.58,5.64,45355094.9738109
2026-08-25 21:00:00,5.65,5.72,5.54,5.62,18705651.06006202
2026-08-26 01:00:00,5.64,5.67,5.57,5.61,650470.26808463
2026-08-26 05:00:00,5.6,5.72,5.52,5.58,8020366.05857917
2026-08-26 09:00:00,5.56,5.71,5.52,5.64,3675497.4150001
2026-08-26 13:00:00,5.64,5.65,5.58,5.61,3797534.72791815
2026-08-26 17:00:00,5.61,5.67,5.58,5.59,2620766.09189048
2026-08-26 21:00:00,5.58,5.69,5.55,5.61,5192505.60935917
2026-08-27 01:00:00,5.6,5.64,5.58,5.62,2930398.70140217
2026-08-27 05:00:00,5.61,5.69,5.59,5.69,5465061.07400738
2026-08-27 09:00:00,5.69,5.75,5.61,5.64,8428663.94649108
2026-08-27 13:00:00,5.62,5.63,5.56,5.59,9626940.09100763
2026-08-27 17:00:00,5.62,5.68,5.57,5.62,5588729.34387553
2026-08-27 21:00:00,5.61,5.66,5.61,5.66,2511623.4483262
2026-08-28 01:00:00,5.66,5.67,5.62,5.64,1520184.62625198
2026-08-28 05:00:00,5.62,5.67,5.62,5.67,9184671.13752208
2026-08-28 09:00:00,5.67,5.68,5.59,5.59,6297931.49714624
2026-08-28 13:00:00,5.59,5.61,5.58,5.58,991269.66560515
2026-08-28 17:00:00,5.57,5.58,5.52,5.58,4926428.74173611
2026-08-28 21:00:00,5.56,5.64,5.52,5.57,6445019.94899431
2026-08-29 01:00:00,5.55,5.55,5.44,5.5,2876777.11302135
2026-08-29 05:00:00,5.52,5.53,5.48,5.51,2258380.75643679
2026-08-29 09:00:00,5.53,5.6,5.53,5.57,2718672.76594623
2026-08-29 13:00:00,5.56,5.7,5.56,5.57,3926318.37049784
2026-08-29 17:00:00,5.58,5.58,5.47,5.48,2345330.85585116
2026-08-29 21:00:00,5.51,5.56,5.49,5.56,980808.61154999
2026-08-30 01:00:00,5.55,5.55,5.53,5.53,4536.36655669
2026-08-30 05:00:00,5.54,5.57,5.54,5.57,1513622.93881332
2026-08-30 09:00:00,5.57,5.64,5.53,5.59,3595861.51490397
2026-08-30 13:00:00,5.57,5.59,5.53,5.56,1738394.46777742
2026-08-30 17:00:00,5.59,5.61,5.54,5.58,1338758.41776376
2026-08-30 21:00:00,5.61,5.62,5.57,5.57,380968.94296375
2026-08-31 01:00:00,5.6,5.6,5.57,5.6,591527.67218464
2026-08-31 05:00:00,5.61,5.62,5.41,5.44,2982979.25395675
2026-08-31 09:00:00,5.44,5.53,5.44,5.51,5433827.36325332
2026-08-31 13:00:00,5.47,5.56,5.39,5.54,5136143.05239435
2026-08-31 17:00:00,5.54,5.54,5.48,5.48,1766349.32781665
2026-08-31 21:00:00,5.48,5.49,5.4,5.44,1595014.61512277
2026-09-01 01:00:00,5.41,5.42,5.37,5.38,551639.91387661
2026-09-01 05:00:00,5.38,5.41,5.37,5.39,1252036.21039303
2026-09-01 09:00:00,5.39,5.46,5.37,5.41,6743747.37974234
2026-09-01 13:00:00,5.41,5.44,5.39,5.43,4729807.9616284
2026-09-01 17:00:00,5.41,5.52,5.35,5.47,32568066.21126327
2026-09-01 21:00:00,5.47,5.49,5.41,5.42,10073584.64192611
2026-09-02 01:00:00,5.43,5.43,5.36,5.4,6030580.43620802
2026-09-02 05:00:00,5.4,5.48,5.39,5.48,8064119.04741217
2026-09-02 09:00:00,5.49,5.98,5.32,5.4,500124037.2447047
2026-09-02 13:00:00,5.38,5.66,5.36,5.47,135489397.60787287
2026-09-02 17:00:00,5.48,5.65,5.41,5.53,38802177.97132052
2026-09-02 21:00:00,5.52,5.55,5.43,5.44,24464567.09994984
2026-09-03 01:00:00,5.48,5.48,5.41,5.44,3784074.71064094
2026-09-03 05:00:00,5.45,5.49,5.42,5.46,9041557.92458131
2026-09-03 09:00:00,5.49,7.06,5.48,6.57,3904429349.4486327
2026-09-03 13:00:00,6.56,6.56,5.86,6.08,1215701402.309661
2026-09-03 17:00:00,6.08,6.46,5.72,5.81,1204782919.8179443
2026-09-03 21:00:00,5.81,6.05,5.72,5.81,591341486.3961356
2026-09-04 01:00:00,5.79,5.86,5.75,5.79,81802163.917488
2026-09-04 05:00:00,5.79,5.88,5.74,5.87,145437825.53342053
2026-09-04 09:00:00,5.86,6.0,5.59,5.65,714460910.4171962
2026-09-04 13:00:00,5.65,5.69,5.59,5.66,105372966.29560944
2026-09-04 17:00:00,5.68,5.78,5.64,5.75,73059151.89398158
2026-09-04 21:00:00,5.75,5.77,5.6,5.73,80195336.2135929
2026-09-05 01:00:00,5.73,5.87,5.72,5.76,21864669.55586035
2026-09-05 05:00:00,5.76,5.76,5.67,5.73,21730213.22651525
2026-09-05 09:00:00,5.75,5.8,5.64,5.7,40180659.83040378
2026-09-05 13:00:00,5.7,5.85,5.69,5.79,21116399.3266733
2026-09-05 17:00:00,5.78,5.83,5.75,5.83,18096479.21789949
2026-09-05 21:00:00,5.83,5.84,5.75,5.78,15690750.59950218
2026-09-06 01:00:00,5.78,5.8,5.72,5.72,7044850.76409446
2026-09-06 05:00:00,5.72,5.83,5.72,5.81,7003476.40862614
2026-09-06 09:00:00,5.83,5.9,5.79,5.85,38853554.43302815
2026-09-06 13:00:00,5.85,5.92,5.78,5.82,40730569.33752311
2026-09-06 17:00:00,5.85,5.94,5.82,5.9,12051316.48156455
2026-09-06 21:00:00,5.89,5.96,5.84,5.94,27067585.2006073
2026-09-07 01:00:00,5.96,5.98,5.91,5.97,4077089.06320938
2026-09-07 05:00:00,5.97,5.98,5.91,5.94,13238109.51454338
2026-09-07 09:00:00,5.94,5.99,5.78,5.88,43044978.04389156
2026-09-07 13:00:00,5.88,5.93,5.86,5.88,9769815.58519879
2026-09-07 17:00:00,5.9,5.94,5.89,5.93,8552679.20349699
2026-09-07 21:00:00,5.96,5.98,5.84,5.85,11475544.03122013
2026-09-08 01:00:00,5.86,5.89,5.84,5.85,4487129.80002378
2026-09-08 05:00:00,5.85,5.88,5.8,5.83,10070430.13982174
2026-09-08 09:00:00,5.83,5.92,5.8,5.89,16411039.91961141
2026-09-08 13:00:00,5.87,5.89,5.78,5.81,31842664.61525791
2026-09-08 17:00:00,5.8,5.89,5.78,5.78,31160215.59729851
2026-09-08 21:00:00,5.78,5.83,5.73,5.8,18294524.51639431
2026-09-09 01:00:00,5.81,5.82,5.73,5.76,2963758.10754138
2026-09-09 05:00:00,5.73,5.8,5.73,5.8,6797321.62344473
2026-09-09 09:00:00,5.8,5.82,5.75,5.77,11033651.53943958
2026-09-09 13:00:00,5.79,5.88,5.77,5.85,9868151.19312301
2026-09-09 17:00:00,5.83,5.9,5.83,5.88,14097057.58625257
2026-09-09 21:00:00,5.88,5.93,5.79,5.86,9872858.11570798
2026-09-10 01:00:00,5.86,5.95,5.86,5.9,7734085.97406713
2026-09-10 05:00:00,5.9,5.97,5.75,5.93,16333985.13119154
2026-09-10 09:00:00,5.93,5.94,5.74,5.81,35709801.69604187
2026-09-10 13:00:00,5.8,5.8,5.71,5.72,19712500.20883015
2026-09-10 17:00:00,5.72,5.74,5.65,5.69,8237530.49446559
2026-09-10 21:00:00,5.68,5.75,5.61,5.66,5953824.90319828
2026-09-11 01:00:00,5.67,5.67,5.61,5.66,936198.11154757
2026-09-11 05:00:00,5.66,5.67,5.56,5.66,5826913.9268623
2026-09-11 09:00:00,5.65,5.65,5.54,5.55,14160414.93724927
2026-09-11 13:00:00,5.56,5.66,5.55,5.66,6640881.61294833
2026-09-11 17:00:00,5.66,5.66,5.51,5.52,9155587.32755757
2026-09-11 21:00:00,5.53,5.74,5.53,5.65,9565356.42432243
2026-09-12 01:00:00,5.68,5.68,5.59,5.6,975846.33151785
2026-09-12 05:00:00,5.61,5.65,5.6,5.65,3138335.56472992
2026-09-12 09:00:00,5.63,5.83,5.63,5.82,20038982.72558503
2026-09-12 13:00:00,5.84,5.92,5.82,5.88,29052196.81347485
2026-09-12 17:00:00,5.88,5.9,5.82,5.84,10006413.7481378
2026-09-12 21:00:00,5.86,5.9,5.85,5.85,3722066.60474244
2026-09-13 01:00:00,5.87,5.89,5.84,5.84,2364577.10602236
2026-09-13 05:00:00,5.84,5.95,5.84,5.92,11935572.08884761
2026-09-13 09:00:00,5.92,6.33,5.92,6.21,74138782.36461411
2026-09-13 13:00:00,6.23,6.25,6.07,6.2,37528749.3808409
2026-09-13 17:00:00,6.2,6.35,6.05,6.35,68315277.8809778
2026-09-13 21:00:00,6.33,6.99,6.3,6.44,696902291.4120806
2026-09-14 01:00:00,6.44,6.53,6.29,6.34,20848234.53371035
2026-09-14 05:00:00,6.39,6.47,6.24,6.39,33171856.9864687
2026-09-14 09:00:00,6.37,6.4,6.22,6.25,53431635.8475809
2026-09-14 13:00:00,6.26,6.37,6.13,6.31,31807406.19458935
2026-09-14 17:00:00,6.31,6.52,6.25,6.46,123943346.56564052
2026-09-14 21:00:00,6.46,6.6,6.34,6.42,56315196.579702
2026-09-15 01:00:00,6.41,6.49,6.37,6.41,3528716.83785902
2026-09-15 05:00:00,6.41,6.48,6.39,6.48,10344493.23502546
2026-09-15 09:00:00,6.48,6.63,6.38,6.6,74833373.92441225
2026-09-15 13:00:00,6.6,6.6,6.38,6.38,32570098.63537229
2026-09-15 17:00:00,6.37,6.37,6.24,6.28,29887708.92196653
2026-09-15 21:00:00,6.28,6.33,6.17,6.26,20002311.90925712
2026-09-16 01:00:00,6.25,6.34,6.1,6.17,8866453.11188922
2026-09-16 05:00:00,6.18,6.18,6.01,6.11,21950217.41034433
2026-09-16 09:00:00,6.11,6.17,6.07,6.13,12901363.10764027
2026-09-16 13:00:00,6.13,6.18,6.03,6.03,8969969.29562718
2026-09-16 17:00:00,6.03,6.03,5.96,6.01,15757180.88023216
2026-09-16 21:00:00,5.98,5.98,5.87,5.91,14535218.78375897
2026-09-17 01:00:00,5.9,5.98,5.84,5.96,2969039.3674445
2026-09-17 05:00:00,5.97,6.16,5.97,6.16,4531970.99751889
2026-09-17 09:00:00,6.13,6.14,6.06,6.06,6177964.412544
2026-09-17 13:00:00,6.06,6.11,6.06,6.11,2610303.679389
2026-09-17 17:00:00,6.13,6.14,6.08,6.13,1670301.46461433
2026-09-17 21:00:00,6.13,6.2,6.12,6.18,3614293.1422806
2026-09-18 01:00:00,6.2,6.25,6.17,6.2,928202.98587751
2026-09-18 05:00:00,6.2,6.25,6.19,6.25,1236143.73337436
2026-09-18 09:00:00,6.21,6.33,6.18,6.31,4015081.56707847
2026-09-18 13:00:00,6.31,6.32,6.28,6.3,5485173.95040014
2026-09-18 17:00:00,6.3,6.49,6.29,6.48,25752678.67552028
2026-09-18 21:00:00,6.48,6.6,6.47,6.6,17286805.46555835
2026-09-19 01:00:00,6.6,6.76,6.59,6.71,13092000.69301942
2026-09-19 05:00:00,6.68,6.76,6.64,6.74,13974490.15829238
2026-09-19 09:00:00,6.75,6.76,6.62,6.68,22077598.49474835
2026-09-19 13:00:00,6.68,6.68,6.52,6.58,20993932.85973845
2026-09-19 17:00:00,6.58,6.7,6.56,6.7,10964910.88867142
2026-09-19 21:00:00,6.71,6.75,6.68,6.68,4431427.90006351
2026-09-20 01:00:00,6.69,6.76,6.68,6.72,2590027.14699767
2026-09-20 05:00:00,6.74,6.76,6.63,6.76,3731706.12385738
2026-09-20 09:00:00,6.77,6.83,6.53,6.62,29951762.08738652
2026-09-20 13:00:00,6.6,6.6,6.52,6.52,5406511.92349135
2026-09-20 17:00:00,6.53,6.56,6.4,6.43,8805501.33030931
2026-09-20 21:00:00,6.43,6.45,6.34,6.45,7296279.91018281
2026-09-21 01:00:00,6.46,6.6,6.46,6.56,3715510.66202845
2026-09-21 05:00:00,6.56,6.63,6.52,6.61,3795402.31699715
2026-09-21 09:00:00,6.59,6.72,6.54,6.63,19532188.12518318
2026-09-21 13:00:00,6.62,6.72,6.58,6.62,5021875.80887987
2026-09-21 17:00:00,6.62,6.79,6.62,6.73,22817007.74998006
2026-09-21 21:00:00,6.71,6.75,6.67,6.7,15597688.77868925
2026-09-22 01:00:00,6.74,6.74,6.45,6.62,6723159.54202077
2026-09-22 05:00:00,6.62,6.72,6.62,6.72,7572525.95035741
2026-09-22 09:00:00,6.75,6.91,6.73,6.83,54079722.89800698
2026-09-22 13:00:00,6.83,6.87,6.7,6.74,9805360.24182693
2026-09-22 17:00:00,6.76,6.85,6.68,6.76,9249406.54584817
2026-09-22 21:00:00,6.74,6.88,6.73,6.83,9497307.87536461
2026-09-23 01:00:00,6.83,6.9,6.83,6.87,1928338.50276594
2026-09-23 05:00:00,6.87,6.98,6.86,6.95,6894247.23773061
2026-09-23 09:00:00,6.96,7.0,6.81,7.0,15826735.05257467
2026-09-23 13:00:00,7.0,7.03,6.96,7.0,16295045.72310302
2026-09-23 17:00:00,6.99,7.05,6.89,6.96,13441631.04683126
2026-09-23 21:00:00,6.93,6.94,6.61,6.63,20553851.406689
2026-09-24 01:00:00,6.63,6.68,6.55,6.62,4664048.67605181
2026-09-24 05:00:00,6.62,6.65,6.56,6.65,5395617.4657195
2026-09-24 09:00:00,6.65,6.67,6.56,6.64,5321105.00153401
2026-09-24 13:00:00,6.62,6.7,6.61,6.64,3887139.25496977
2026-09-24 17:00:00,6.64,6.64,6.48,6.52,3370694.17259275
2026-09-24 21:00:00,6.54,6.75,6.5,6.7,9029474.55287862
2026-09-25 01:00:00,6.7,6.78,6.7,6.74,5746694.16766354
2026-09-25 05:00:00,6.72,6.72,6.66,6.71,5464602.64149068
2026-09-25 09:00:00,6.72,7.29,6.63,6.72,406381894.173283
2026-09-25 13:00:00,6.72,6.78,6.71,6.73,18505034.66623603
2026-09-25 17:00:00,6.72,6.85,6.72,6.79,26732011.68796738
2026-09-25 21:00:00,6.82,6.84,6.7,6.79,27380204.92715309
2026-09-26 01:00:00,6.81,6.83,6.77,6.81,3056416.86741251
2026-09-26 05:00:00,6.81,6.89,6.76,6.89,9791267.76464343
2026-09-26 09:00:00,6.89,6.96,6.83,6.88,73224084.46749029
2026-09-26 13:00:00,6.89,7.06,6.89,7.06,33126676.52773644
2026-09-26 17:00:00,7.07,7.14,6.97,7.09,25379971.66444558
2026-09-26 21:00:00,7.08,7.15,7.01,7.07,25942164.91116059
2026-09-27 01:00:00,7.08,7.08,7.01,7.07,5236131.77023969
2026-09-27 05:00:00,7.05,7.05,6.87,7.0,5476447.44040855
2026-09-27 09:00:00,7.01,7.48,6.87,6.99,352860568.95304906
2026-09-27 13:00:00,6.96,7.09,6.94,7.09,29039709.64054116
2026-09-27 17:00:00,7.07,7.1,6.99,7.02,24537452.93501557
2026-09-27 21:00:00,7.01,7.03,6.89,6.94,23126075.27419341
2026-09-28 01:00:00,6.94,7.03,6.93,7.02,2138651.96596398
2026-09-28 05:00:00,7.02,7.02,6.95,7.02,13503508.15946762
2026-09-28 09:00:00,7.01,7.07,6.74,6.77,23680724.3614158
2026-09-28 13:00:00,6.75,6.79,6.6,6.62,20048680.68720804
2026-09-28 17:00:00,6.61,6.73,6.6,6.71,8733971.25990273
2026-09-28 21:00:00,6.71,6.84,6.68,6.73,7288072.49238053
2026-09-29 01:00:00,6.73,6.8,6.68,6.68,2018584.21184774
2026-09-29 05:00:00,6.73,6.8,6.67,6.8,1748818.75819845
2026-09-29 09:00:00,6.76,6.76,6.5,6.6,32294201.08214
2026-09-29 13:00:00,6.57,6.73,6.55,6.72,8562726.6417976
2026-09-29 17:00:00,6.72,6.81,6.7,6.81,11203248.84961163
2026-09-29 21:00:00,6.81,6.82,6.65,6.69,13727293.92555062
2026-09-30 01:00:00,6.68,6.68,6.6,6.6,4410488.45747918
2026-09-30 05:00:00,6.59,6.65,6.55,6.56,6253952.05069183
2026-09-30 09:00:00,6.58,6.66,6.55,6.55,6324745.85969849
2026-09-30 13:00:00,6.57,6.62,6.53,6.62,5301837.32281576
2026-09-30 17:00:00,6.61,6.71,6.57,6.71,8758200.46138577
2026-09-30 21:00:00,6.71,6.81,6.65,6.73,27808879.37718947
2026-10-01 01:00:00,6.78,6.81,6.62,6.62,5490760.88109832
2026-10-01 05:00:00,6.67,6.78,6.63,6.78,2324229.75052175
2026-10-01 09:00:00,6.77,6.8,6.6,6.76,18441445.5503317
2026-10-01 13:00:00,6.76,6.77,6.68,6.69,10589800.01877912
2026-10-01 17:00:00,6.68,6.71,6.6,6.67,12386672.39737203
2026-10-01 21:00:00,6.67,6.68,6.59,6.65,7330846.44448377
2026-10-02 01:00:00,6.65,6.71,6.62,6.68,625067.77350232
2026-10-02 05:00:00,6.68,6.73,6.68,6.71,1386759.53588965
2026-10-02 09:00:00,6.74,6.85,6.7,6.78,15296725.36738837
2026-10-02 13:00:00,6.79,6.84,6.73,6.74,11705428.86474461
2026-10-02 17:00:00,6.74,6.83,6.74,6.83,5789517.97961214
2026-10-02 21:00:00,6.83,6.87,6.74,6.8,19065058.8236463
2026-10-03 01:00:00,6.81,6.82,6.53,6.6,8232765.61794247
2026-10-03 05:00:00,6.62,6.74,6.59,6.73,3228100.45499879
2026-10-03 09:00:00,6.73,6.82,6.69,6.82,7512909.43896081
2026-10-03 13:00:00,6.8,6.83,6.67,6.7,4748333.98460053
2026-10-03 17:00:00,6.67,6.68,6.63,6.64,12540142.85786353
2026-10-03 21:00:00,6.64,6.69,6.6,6.64,4312534.46472851
2026-10-04 01:00:00,6.63,6.73,6.63,6.67,8469287.95811923
2026-10-04 05:00:00,6.67,6.74,6.66,6.74,2580920.54674631
2026-10-04 09:00:00,6.74,6.75,6.64,6.71,4409104.07741422
2026-10-04 13:00:00,6.73,6.76,6.72,6.75,4727238.55085609
2026-10-04 17:00:00,6.76,6.79,6.7,6.7,6347790.66645069
2026-10-04 21:00:00,6.7,6.72,6.64,6.7,6134660.76511693
2026-10-05 01:00:00,6.68,6.7,6.66,6.7,521176.39721613
2026-10-05 05:00:00,6.69,6.72,6.67,6.72,4703501.2369887
2026-10-05 09:00:00,6.72,6.75,6.67,6.67,7067965.97293306
2026-10-05 13:00:00,6.66,6.72,6.6,6.71,4201667.36235616
2026-10-05 17:00:00,6.7,6.75,6.67,6.72,9215457.29496457
2026-10-05 21:00:00,6.7,6.74,6.66,6.67,8115459.6173799
2026-10-06 01:00:00,6.66,6.77,6.66,6.75,3121401.82180432
2026-10-06 05:00:00,6.78,6.96,6.78,6.86,23275174.11015284
2026-10-06 09:00:00,6.86,6.91,6.64,6.67,11112890.40524741
2026-10-06 13:00:00,6.69,6.76,6.68,6.72,1959265.89493209
2026-10-06 17:00:00,6.74,6.8,6.7,6.77,5118101.09374313
2026-10-06 21:00:00,6.77,6.79,6.71,6.74,5637551.26246615
2026-10-07 01:00:00,6.7,6.72,6.59,6.59,2062991.36351657
2026-10-07 05:00:00,6.59,6.64,6.59,6.64,2593496.47477113
2026-10-07 09:00:00,6.63,6.63,6.37,6.44,8317344.99158929
2026-10-07 13:00:00,6.4,6.43,6.35,6.42,3857165.94636932
2026-10-07 17:00:00,6.42,6.42,6.29,6.29,8047580.27685649
2026-10-07 21:00:00,6.29,6.31,6.2,6.28,7441655.2128484
2026-10-08 01:00:00,6.31,6.32,6.25,6.32,1541048.09628985
2026-10-08 05:00:00,6.32,6.48,6.32,6.47,10346596.01676516
2026-10-08 09:00:00,6.47,6.47,6.32,6.32,4026964.80724573
2026-10-08 13:00:00,6.31,6.33,6.23,6.31,4439725.86281586
2026-10-08 17:00:00,6.31,6.4,6.31,6.38,1734834.30794561
2026-10-08 21:00:00,6.36,6.41,6.18,6.18,10692749.65346547
2026-10-09 01:00:00,6.17,6.27,6.11,6.21,1857700.45226025
2026-10-09 05:00:00,6.28,6.32,6.26,6.28,1365791.38952627
2026-10-09 09:00:00,6.27,6.3,6.23,6.3,2039218.8375867
2026-10-09 13:00:00,6.3,6.41,6.3,6.38,1972745.43740228
2026-10-09 17:00:00,6.39,6.4,6.3,6.39,2129065.81041698
2026-10-09 21:00:00,6.34,6.34,6.26,6.26,7848700.04960882
2026-10-10 01:00:00,6.28,6.53,6.28,6.43,2870944.39116419
2026-10-10 05:00:00,6.41,6.76,6.41,6.7,7952381.86156881
2026-10-10 09:00:00,6.75,6.78,6.65,6.66,9478259.27969764
2026-10-10 13:00:00,6.62,6.65,6.53,6.54,8038281.61846034
2026-10-10 17:00:00,6.56,6.64,6.56,6.59,2716213.50768918
2026-10-10 21:00:00,6.61,6.7,6.55,6.68,6133842.45504834
2026-10-11 01:00:00,6.68,6.68,6.62,6.62,1711691.81744166
2026-10-11 05:00:00,6.62,6.63,6.6,6.6,3371963.92390767
