datetime,open,high,low,close,volume
2022-09-06 09:00:00,26780.0,28170.0,25450.0,25490.0,1177775.44308074
2022-09-07 09:00:00,25490.0,26800.0,25110.0,26390.0,284712.30812183
2022-09-08 09:00:00,26380.0,26670.0,25780.0,26630.0,424627.48688799
2022-09-09 09:00:00,26630.0,28580.0,26550.0,28010.0,583703.09323988
2022-09-10 09:00:00,28010.0,29300.0,27550.0,28120.0,637935.25705073
2022-09-11 09:00:00,28120.0,28740.0,27600.0,28450.0,271586.96456073
2022-09-12 09:00:00,28410.0,29970.0,27700.0,29340.0,692452.61397638
2022-09-13 09:00:00,29340.0,30380.0,26480.0,26570.0,969205.56055928
2022-09-14 09:00:00,26550.0,27120.0,25950.0,26810.0,482200.94324513
2022-09-15 09:00:00,26820.0,27100.0,25730.0,25970.0,454497.54492996
2022-09-16 09:00:00,25970.0,26030.0,24920.0,25470.0,303571.43659817
2022-09-17 09:00:00,25490.0,26070.0,25450.0,25890.0,181230.82103335
2022-09-18 09:00:00,25890.0,26350.0,23180.0,23690.0,419688.31358192
2022-09-19 09:00:00,23690.0,24600.0,23220.0,24360.0,336476.2783718
2022-09-20 09:00:00,24400.0,24590.0,23510.0,23600.0,221775.33220779
2022-09-21 09:00:00,23600.0,25270.0,23280.0,23780.0,389055.07245458
2022-09-22 09:00:00,23770.0,25390.0,23640.0,25090.0,236411.9784832
2022-09-23 09:00:00,25120.0,25970.0,24660.0,25690.0,318663.13439713
2022-09-24 09:00:00,25680.0,26100.0,25290.0,25390.0,150184.58985602
2022-09-25 09:00:00,25400.0,25660.0,24740.0,24950.0,105465.68155909
2022-09-26 09:00:00,24910.0,25270.0,24530.0,25250.0,170717.41089471
2022-09-27 09:00:00,25210.0,26300.0,24580.0,24990.0,331025.07195229
2022-09-28 09:00:00,24990.0,25050.0,24300.0,24870.0,150833.30047424
2022-09-29 09:00:00,24860.0,25070.0,24420.0,24800.0,142378.95744062
2022-09-30 09:00:00,24800.0,25400.0,24560.0,24740.0,137991.46824612
2022-10-01 09:00:00,24740.0,24980.0,24430.0,24510.0,55800.66326049
2022-10-02 09:00:00,24510.0,24780.0,23940.0,24070.0,77077.30983079
2022-10-03 09:00:00,24060.0,24900.0,23820.0,24740.0,72264.57625265
2022-10-04 09:00:00,24700.0,25110.0,24600.0,24880.0,107007.98992809
2022-10-05 09:00:00,24880.0,24890.0,24300.0,24760.0,102287.02770264
2022-10-06 09:00:00,24720.0,24990.0,24220.0,24290.0,92833.3235857
2022-10-07 09:00:00,24250.0,24430.0,23870.0,24040.0,100758.23150402
2022-10-08 09:00:00,24080.0,24230.0,23860.0,23980.0,67827.54577397
2022-10-09 09:00:00,24020.0,24230.0,23850.0,24060.0,50371.66955453
2022-10-10 09:00:00,24060.0,24580.0,23220.0,23260.0,122524.99758042
2022-10-11 09:00:00,23250.0,23440.0,22460.0,22890.0,122439.54536079
2022-10-12 09:00:00,22900.0,23170.0,22730.0,22830.0,59970.43606583
2022-10-13 09:00:00,22870.0,22920.0,20880.0,22500.0,259484.75314709
2022-10-14 09:00:00,22500.0,23800.0,22390.0,22600.0,262740.55746647
2022-10-15 09:00:00,22600.0,22720.0,22210.0,22300.0,63487.02302513
2022-10-16 09:00:00,22280.0,22930.0,22280.0,22650.0,76359.87392003
2022-10-17 09:00:00,22640.0,23340.0,22500.0,23180.0,211072.05014854
2022-10-18 09:00:00,23180.0,23420.0,22450.0,22740.0,247958.83515274
2022-10-19 09:00:00,22740.0,22860.0,21720.0,21800.0,147773.65542517
2022-10-20 09:00:00,21800.0,22330.0,21530.0,21870.0,109184.33865638
2022-10-21 09:00:00,21860.0,22650.0,21150.0,22570.0,101384.2885693
2022-10-22 09:00:00,22550.0,22920.0,22360.0,22560.0,54736.73677029
2022-10-23 09:00:00,22540.0,23440.0,22430.0,23300.0,109090.38061869
2022-10-24 09:00:00,23360.0,23610.0,22540.0,22630.0,107620.11080892
2022-10-25 09:00:00,22630.0,24150.0,22410.0,23610.0,204371.21612963
2022-10-26 09:00:00,23610.0,24370.0,23610.0,23830.0,162786.8565991
2022-10-27 09:00:00,23800.0,24430.0,23630.0,23800.0,139619.923718
2022-10-28 09:00:00,23800.0,25860.0,23650.0,25800.0,301713.78795944
2022-10-29 09:00:00,25790.0,26400.0,25420.0,25600.0,241013.61773248
2022-10-30 09:00:00,25590.0,26320.0,25220.0,25660.0,159445.363258
2022-10-31 09:00:00,25600.0,29800.0,25580.0,27030.0,1619406.45872828
2022-11-01 09:00:00,27080.0,27320.0,26070.0,26150.0,256107.78670136
2022-11-02 09:00:00,26160.0,26500.0,24820.0,25500.0,275128.29541957
2022-11-03 09:00:00,25480.0,26760.0,25330.0,25630.0,169098.6850471
2022-11-04 09:00:00,25630.0,27390.0,25480.0,26950.0,387107.39092171
2022-11-05 09:00:00,26940.0,28640.0,26720.0,27420.0,488756.34745932
2022-11-06 09:00:00,27420.0,27640.0,25670.0,25730.0,183689.78134624
2022-11-07 09:00:00,25700.0,26440.0,25000.0,25460.0,193977.68715501
2022-11-08 09:00:00,25460.0,25600.0,22100.0,22940.0,727514.29410986
2022-11-09 09:00:00,22950.0,23300.0,17600.0,18560.0,705281.92123585
2022-11-10 09:00:00,18550.0,22090.0,18270.0,21740.0,491822.3077741
2022-11-11 09:00:00,21740.0,21920.0,18910.0,19620.0,337716.8170614
2022-11-12 09:00:00,19690.0,19710.0,17880.0,18240.0,231405.61643026
2022-11-13 09:00:00,18240.0,19190.0,17420.0,17860.0,353404.04475257
2022-11-14 09:00:00,17920.0,18560.0,16310.0,17940.0,345468.29120019
2022-11-15 09:00:00,17940.0,19020.0,17710.0,18370.0,161991.91137497
2022-11-16 09:00:00,18370.0,18700.0,17730.0,18020.0,103317.43098153
2022-11-17 09:00:00,18010.0,18400.0,17470.0,17730.0,110144.794296
2022-11-18 09:00:00,17740.0,18230.0,17720.0,17930.0,73941.98133117
2022-11-19 09:00:00,17970.0,17980.0,17400.0,17840.0,110975.53914187
2022-11-20 09:00:00,17860.0,18500.0,16940.0,17060.0,279100.95361794
2022-11-21 09:00:00,17040.0,17060.0,16440.0,16650.0,145965.71666487
2022-11-22 09:00:00,16650.0,17450.0,16110.0,17200.0,163149.63747442
2022-11-23 09:00:00,17190.0,18090.0,17180.0,18070.0,152939.61062233
2022-11-24 09:00:00,18060.0,18480.0,17530.0,17770.0,170316.16071224
2022-11-25 09:00:00,17770.0,17920.0,17110.0,17610.0,83989.74931984
2022-11-26 09:00:00,17620.0,18160.0,17440.0,17570.0,84063.01363889
2022-11-27 09:00:00,17580.0,18160.0,17500.0,17750.0,103690.83320735
2022-11-28 09:00:00,17760.0,17880.0,16680.0,17130.0,173429.49206922
2022-11-29 09:00:00,17150.0,17370.0,16870.0,17040.0,135518.275076
2022-11-30 09:00:00,17010.0,17970.0,17010.0,17770.0,226849.7278519
2022-12-01 09:00:00,17750.0,18040.0,17410.0,17510.0,99377.79333531
2022-12-02 09:00:00,17510.0,18330.0,17270.0,18180.0,119540.561451
2022-12-03 09:00:00,18190.0,18730.0,17860.0,18130.0,144289.67693622
2022-12-04 09:00:00,18150.0,18740.0,18130.0,18670.0,120037.79991625
2022-12-05 09:00:00,18670.0,19080.0,18080.0,18200.0,150937.39113008
2022-12-06 09:00:00,18210.0,18380.0,18070.0,18290.0,89862.29229705
2022-12-07 09:00:00,18290.0,18300.0,17410.0,17750.0,88531.07647581
2022-12-08 09:00:00,17790.0,18010.0,17530.0,17870.0,65148.46044584
2022-12-09 09:00:00,17870.0,18120.0,17760.0,17950.0,48118.34664725
2022-12-10 09:00:00,17950.0,18170.0,17780.0,18010.0,47836.52573633
2022-12-11 09:00:00,17950.0,17990.0,17250.0,17320.0,46534.64783319
2022-12-12 09:00:00,17280.0,17350.0,16800.0,17230.0,95956.64375278
2022-12-13 09:00:00,17280.0,22600.0,16570.0,17980.0,1626970.64201901
2022-12-14 09:00:00,17980.0,18490.0,17780.0,17930.0,755831.12826819
2022-12-15 09:00:00,17920.0,18180.0,17300.0,17440.0,407924.49218408
2022-12-16 09:00:00,17430.0,17510.0,15510.0,15850.0,380297.47010227
2022-12-17 09:00:00,15850.0,16270.0,15210.0,15850.0,177032.39375597
2022-12-18 09:00:00,15860.0,16350.0,15650.0,15800.0,85125.93945514
2022-12-19 09:00:00,15800.0,15950.0,14670.0,15000.0,197613.1288205
2022-12-20 09:00:00,15000.0,15750.0,14920.0,15570.0,156927.35442322
2022-12-21 09:00:00,15560.0,15620.0,15210.0,15280.0,74052.62042659
2022-12-22 09:00:00,15280.0,15500.0,14950.0,15420.0,99661.92479065
2022-12-23 09:00:00,15420.0,15450.0,15250.0,15370.0,72197.53366338
2022-12-24 09:00:00,15370.0,15500.0,15190.0,15230.0,39334.17395103
2022-12-25 09:00:00,15230.0,15310.0,14960.0,15150.0,67525.02611377
2022-12-26 09:00:00,15140.0,15280.0,14860.0,15020.0,64302.1946466
2022-12-27 09:00:00,15020.0,15290.0,14770.0,14850.0,167434.86637708
2022-12-28 09:00:00,14900.0,15000.0,14070.0,14280.0,156271.41610875
2022-12-29 09:00:00,14280.0,14330.0,13550.0,14010.0,126980.9373059
2022-12-30 09:00:00,14010.0,14450.0,13400.0,13800.0,143580.59594539
2022-12-31 09:00:00,13820.0,14090.0,13740.0,13910.0,53675.71140493
2023-01-01 09:00:00,13890.0,14130.0,13600.0,13860.0,82137.78548356
2023-01-02 09:00:00,13830.0,14330.0,13630.0,14200.0,106140.50176216
2023-01-03 09:00:00,14200.0,14910.0,14120.0,14600.0,204935.48720744
2023-01-04 09:00:00,14590.0,15730.0,14560.0,15470.0,399534.16980763
2023-01-05 09:00:00,15470.0,15600.0,14980.0,15040.0,161767.74895819
2023-01-06 09:00:00,15040.0,15120.0,14480.0,14970.0,175810.69258434
2023-01-07 09:00:00,15000.0,15090.0,14830.0,14950.0,103931.57713162
2023-01-08 09:00:00,14950.0,15390.0,14760.0,15330.0,201565.87667754
2023-01-09 09:00:00,15330.0,15930.0,15260.0,15380.0,616490.77775112
2023-01-10 09:00:00,15370.0,16580.0,15150.0,15990.0,847055.67258961
2023-01-11 09:00:00,15990.0,20110.0,15470.0,19990.0,3282436.68721438
2023-01-12 09:00:00,19980.0,20770.0,18620.0,19360.0,5063249.4785373
2023-01-13 09:00:00,19370.0,20650.0,18700.0,19890.0,2950402.2239664
2023-01-14 09:00:00,19870.0,22940.0,19560.0,20950.0,4519522.85576884
2023-01-15 09:00:00,20950.0,21150.0,19740.0,20760.0,937970.53824229
2023-01-16 09:00:00,20760.0,21450.0,19980.0,20850.0,650255.28669402
2023-01-17 09:00:00,20850.0,23200.0,20610.0,21250.0,3058438.92501167
2023-01-18 09:00:00,21260.0,21660.0,19270.0,19690.0,945408.4056803
2023-01-19 09:00:00,19680.0,20320.0,19610.0,20120.0,325434.17674912
2023-01-20 09:00:00,20120.0,21690.0,19820.0,21630.0,402303.33802729
2023-01-21 09:00:00,21630.0,22070.0,20980.0,21010.0,670332.45969645
2023-01-22 09:00:00,21040.0,22970.0,20970.0,21680.0,1439161.28155287
2023-01-23 09:00:00,21680.0,23180.0,21520.0,22470.0,1574385.46075027
2023-01-24 09:00:00,22470.0,23800.0,21050.0,21300.0,1368317.64686311
2023-01-25 09:00:00,21300.0,22690.0,20650.0,22170.0,611677.21773631
2023-01-26 09:00:00,22200.0,23530.0,22140.0,22750.0,1539032.62861938
2023-01-27 09:00:00,22740.0,27920.0,22000.0,26640.0,2663978.1859986
2023-01-28 09:00:00,26620.0,27430.0,25210.0,25970.0,2494963.35513992
2023-01-29 09:00:00,25900.0,26410.0,25400.0,26200.0,587366.64627318
2023-01-30 09:00:00,26200.0,26700.0,24220.0,24830.0,1296173.53799806
2023-01-31 09:00:00,24830.0,25300.0,24190.0,24870.0,411207.19302677
2023-02-01 09:00:00,24870.0,26650.0,23430.0,26130.0,580592.57019424
2023-02-02 09:00:00,26200.0,29990.0,26160.0,26700.0,2891792.86989463
2023-02-03 09:00:00,26720.0,27500.0,26060.0,26790.0,698547.26568227
2023-02-04 09:00:00,26800.0,27260.0,26300.0,26500.0,315198.14637962
2023-02-05 09:00:00,26500.0,26650.0,24900.0,25410.0,412779.66104172
2023-02-06 09:00:00,25410.0,25930.0,24750.0,25090.0,298178.19480074
2023-02-07 09:00:00,25100.0,26500.0,25000.0,26400.0,308255.71205673
2023-02-08 09:00:00,26390.0,26570.0,25080.0,25660.0,387893.89782594
2023-02-09 09:00:00,25690.0,25850.0,22680.0,23160.0,531279.49417218
2023-02-10 09:00:00,23160.0,23520.0,22570.0,23170.0,324203.99184592
2023-02-11 09:00:00,23160.0,23500.0,22980.0,23410.0,106309.90269101
2023-02-12 09:00:00,23350.0,23840.0,22810.0,23060.0,163894.01184504
2023-02-13 09:00:00,23050.0,23810.0,21950.0,22890.0,644350.66385163
2023-02-14 09:00:00,22890.0,23680.0,22260.0,23530.0,432012.07147528
2023-02-15 09:00:00,23550.0,25580.0,23210.0,25530.0,327083.31587695
2023-02-16 09:00:00,25530.0,26110.0,23950.0,24050.0,484481.8958341
2023-02-17 09:00:00,24070.0,25310.0,23910.0,25090.0,281806.4943834
2023-02-18 09:00:00,25090.0,25930.0,24970.0,25220.0,309952.8191385
2023-02-19 09:00:00,25190.0,26200.0,25080.0,25650.0,463056.79302548
2023-02-20 09:00:00,25660.0,27480.0,24700.0,26790.0,856421.71956387
2023-02-21 09:00:00,26790.0,28100.0,25870.0,27260.0,794965.11359583
2023-02-22 09:00:00,27260.0,28300.0,25650.0,26610.0,1599577.92800748
2023-02-23 09:00:00,26610.0,27000.0,25630.0,25860.0,616850.18336406
2023-02-24 09:00:00,25870.0,25900.0,24150.0,24540.0,502998.53188044
2023-02-25 09:00:00,24540.0,24670.0,23370.0,24030.0,377503.44608151
2023-02-26 09:00:00,24030.0,24630.0,23770.0,24490.0,166307.07984556
2023-02-27 09:00:00,24500.0,24760.0,23700.0,23900.0,334883.52918353
2023-02-28 09:00:00,23910.0,23960.0,22760.0,22920.0,338942.61973449
2023-03-01 09:00:00,22920.0,23530.0,22690.0,23410.0,271822.39262307
2023-03-02 09:00:00,23410.0,23500.0,22640.0,23150.0,203861.03460377
2023-03-03 09:00:00,23150.0,23180.0,21160.0,22160.0,293639.34295455
2023-03-04 09:00:00,22160.0,22530.0,21190.0,21600.0,101616.60413838
2023-03-05 09:00:00,21600.0,21960.0,21440.0,21590.0,86658.24246328
2023-03-06 09:00:00,21590.0,22300.0,21090.0,21950.0,311763.18288173
2023-03-07 09:00:00,21950.0,22270.0,21140.0,21520.0,223300.68527248
2023-03-08 09:00:00,21520.0,21610.0,20050.0,20220.0,185476.63403581
2023-03-09 09:00:00,20220.0,20970.0,19250.0,19510.0,239806.24656589
2023-03-10 09:00:00,19510.0,20520.0,18960.0,20070.0,509199.50405097
2023-03-11 09:00:00,20100.0,20550.0,19010.0,19680.0,255399.47602136
2023-03-12 09:00:00,19680.0,21670.0,19060.0,21470.0,318689.89572531
2023-03-13 09:00:00,21470.0,22080.0,20520.0,21700.0,635422.43597798
2023-03-14 09:00:00,21690.0,23380.0,21090.0,22540.0,602833.87775621
2023-03-15 09:00:00,22560.0,22930.0,20580.0,20840.0,405931.15703542
2023-03-16 09:00:00,20870.0,21430.0,20380.0,21100.0,178598.5266142
2023-03-17 09:00:00,21110.0,23420.0,20960.0,23300.0,335789.40106264
2023-03-18 09:00:00,23320.0,24110.0,22460.0,22590.0,360191.64368901
2023-03-19 09:00:00,22610.0,23870.0,22590.0,23310.0,342696.09609239
2023-03-20 09:00:00,23340.0,23690.0,22240.0,22370.0,294388.43940427
2023-03-21 09:00:00,22370.0,23440.0,21740.0,23090.0,314214.55648153
2023-03-22 09:00:00,23120.0,23990.0,21810.0,22350.0,421069.38354313
2023-03-23 09:00:00,22340.0,23400.0,22000.0,23080.0,245859.47975374
2023-03-24 09:00:00,23120.0,23240.0,22420.0,22710.0,161030.89362347
2023-03-25 09:00:00,22720.0,22850.0,22040.0,22610.0,97511.03310639
2023-03-26 09:00:00,22600.0,22980.0,22540.0,22720.0,88258.26634697
2023-03-27 09:00:00,22720.0,22820.0,21450.0,21900.0,156540.97512094
2023-03-28 09:00:00,21900.0,22330.0,21490.0,22090.0,124718.27279379
2023-03-29 09:00:00,22100.0,23000.0,22060.0,22900.0,148845.42988211
2023-03-30 09:00:00,22890.0,23330.0,22450.0,22830.0,204211.35820073
2023-03-31 09:00:00,22870.0,23580.0,22650.0,23370.0,171710.04587129
2023-04-01 09:00:00,23370.0,23930.0,23270.0,23510.0,255508.63119499
2023-04-02 09:00:00,23490.0,23590.0,22700.0,22870.0,153756.53027238
2023-04-03 09:00:00,22850.0,23050.0,22210.0,22580.0,246569.51010026
2023-04-04 09:00:00,22580.0,23340.0,22300.0,23330.0,142838.15456495
2023-04-05 09:00:00,23330.0,24170.0,23270.0,23750.0,449509.0175862
2023-04-06 09:00:00,23750.0,24320.0,23280.0,23760.0,301984.53521733
2023-04-07 09:00:00,23760.0,24010.0,23060.0,23300.0,195108.1580354
2023-04-08 09:00:00,23300.0,23450.0,23020.0,23140.0,78880.34369592
2023-04-09 09:00:00,23140.0,23300.0,22840.0,23130.0,80287.00436848
2023-04-10 09:00:00,23160.0,23670.0,22930.0,23580.0,119169.15646503
2023-04-11 09:00:00,23580.0,24640.0,23490.0,24000.0,393792.87594646
2023-04-12 09:00:00,24030.0,24880.0,23430.0,24210.0,682183.24077154
2023-04-13 09:00:00,24230.0,25050.0,24080.0,24720.0,367388.17900161
2023-04-14 09:00:00,24680.0,25200.0,24270.0,25110.0,327885.81401555
2023-04-15 09:00:00,25110.0,25600.0,24900.0,25030.0,241673.71835379
2023-04-16 09:00:00,25030.0,26750.0,24800.0,26330.0,358410.56346638
2023-04-17 09:00:00,26340.0,28020.0,26100.0,26960.0,1590869.7647948
2023-04-18 09:00:00,26960.0,28290.0,26570.0,27610.0,725670.65464769
2023-04-19 09:00:00,27610.0,27750.0,24820.0,25270.0,544317.97050534
2023-04-20 09:00:00,25240.0,25730.0,24200.0,24390.0,333732.48214304
2023-04-21 09:00:00,24390.0,24620.0,22300.0,22580.0,365088.57152787
2023-04-22 09:00:00,22570.0,23190.0,22330.0,23050.0,170206.22433741
2023-04-23 09:00:00,23080.0,23080.0,22330.0,22500.0,129083.21725823
2023-04-24 09:00:00,22470.0,23000.0,22090.0,22610.0,222336.28406632
2023-04-25 09:00:00,22630.0,23750.0,22350.0,23590.0,769815.85143964
2023-04-26 09:00:00,23600.0,24240.0,21810.0,23010.0,363768.69846678
2023-04-27 09:00:00,23010.0,23840.0,22870.0,23630.0,146579.4933769
2023-04-28 09:00:00,23630.0,23770.0,23000.0,23390.0,91917.46309866
2023-04-29 09:00:00,23400.0,23620.0,23200.0,23340.0,66761.72513638
2023-04-30 09:00:00,23340.0,23760.0,22860.0,22890.0,84540.69393635
2023-05-01 09:00:00,22910.0,23060.0,22260.0,22390.0,95886.53123529
2023-05-02 09:00:00,22360.0,22740.0,22080.0,22570.0,76402.17031195
2023-05-03 09:00:00,22570.0,23290.0,22000.0,22950.0,120638.62855166
2023-05-04 09:00:00,22960.0,23000.0,22500.0,22630.0,115493.68895373
2023-05-05 09:00:00,22630.0,23110.0,22310.0,23000.0,114757.70712485
2023-05-06 09:00:00,23000.0,23170.0,22000.0,22170.0,88113.8670136
2023-05-07 09:00:00,22180.0,22260.0,21750.0,21910.0,51996.19230245
2023-05-08 09:00:00,21910.0,22050.0,20070.0,20630.0,156412.43293506
2023-05-09 09:00:00,20630.0,20960.0,20510.0,20580.0,75175.45688888
2023-05-10 09:00:00,20600.0,21150.0,20000.0,20800.0,144789.52161304
2023-05-11 09:00:00,20790.0,20840.0,20010.0,20170.0,82354.87325482
2023-05-12 09:00:00,20180.0,20650.0,19690.0,20610.0,101537.51466337
2023-05-13 09:00:00,20630.0,20650.0,20230.0,20280.0,32217.01000835
2023-05-14 09:00:00,20280.0,20480.0,20120.0,20320.0,27588.53600679
2023-05-15 09:00:00,20350.0,20700.0,20030.0,20330.0,65989.98252104
2023-05-16 09:00:00,20330.0,20420.0,19930.0,20080.0,56036.4235714
2023-05-17 09:00:00,20120.0,20500.0,19790.0,20330.0,103643.83651465
2023-05-18 09:00:00,20350.0,20360.0,19580.0,19840.0,116431.85184558
2023-05-19 09:00:00,19840.0,19970.0,19640.0,19770.0,52367.7387591
2023-05-20 09:00:00,19770.0,19780.0,19610.0,19670.0,38477.25683232
2023-05-21 09:00:00,19700.0,19740.0,19170.0,19270.0,49493.48396595
2023-05-22 09:00:00,19270.0,19780.0,19000.0,19640.0,100884.72689148
2023-05-23 09:00:00,19640.0,19890.0,19490.0,19650.0,48324.78043259
2023-05-24 09:00:00,19650.0,19660.0,18840.0,19010.0,71226.43484251
2023-05-25 09:00:00,19010.0,19140.0,18460.0,18930.0,108972.25386836
2023-05-26 09:00:00,18910.0,19270.0,18710.0,19180.0,56251.83738445
2023-05-27 09:00:00,19180.0,19480.0,19090.0,19450.0,29287.25618364
2023-05-28 09:00:00,19450.0,19990.0,19080.0,19850.0,143163.85314989
2023-05-29 09:00:00,19850.0,19950.0,19210.0,19310.0,110990.00430593
2023-05-30 09:00:00,19300.0,19620.0,19170.0,19230.0,71959.5806369
2023-05-31 09:00:00,19220.0,19250.0,18790.0,19050.0,91550.94434413
2023-06-01 09:00:00,19010.0,19140.0,18690.0,18840.0,50833.88463415
2023-06-02 09:00:00,18840.0,19300.0,18630.0,19190.0,48705.459541
2023-06-03 09:00:00,19190.0,19340.0,19120.0,19310.0,35552.43896419
2023-06-04 09:00:00,19300.0,19680.0,19250.0,19520.0,34253.56659747
2023-06-05 09:00:00,19530.0,19710.0,18050.0,18510.0,211866.71938499
2023-06-06 09:00:00,18510.0,19340.0,18250.0,19250.0,89888.68710235
2023-06-07 09:00:00,19280.0,19340.0,18560.0,18600.0,68610.36262459
2023-06-08 09:00:00,18600.0,18680.0,18230.0,18390.0,47294.92799797
2023-06-09 09:00:00,18400.0,18730.0,18050.0,18120.0,50013.2169343
2023-06-10 09:00:00,18100.0,18100.0,14060.0,15500.0,564301.95622643
2023-06-11 09:00:00,15500.0,15650.0,15180.0,15340.0,68183.98379169
2023-06-12 09:00:00,15340.0,15340.0,14870.0,15150.0,82535.45003176
2023-06-13 09:00:00,15150.0,15740.0,15050.0,15400.0,118804.87116465
2023-06-14 09:00:00,15410.0,15610.0,14720.0,14940.0,88163.9876396
2023-06-15 09:00:00,14940.0,15200.0,14430.0,14910.0,97284.50948779
2023-06-16 09:00:00,14910.0,15360.0,14740.0,15130.0,50830.71926576
2023-06-17 09:00:00,15150.0,15540.0,15060.0,15250.0,65108.45639003
2023-06-18 09:00:00,15240.0,15260.0,14800.0,14850.0,73769.21014211
2023-06-19 09:00:00,14840.0,15060.0,14700.0,14980.0,69032.67546618
2023-06-20 09:00:00,14980.0,15830.0,14730.0,15820.0,98892.31269179
2023-06-21 09:00:00,15810.0,17020.0,15750.0,16820.0,134178.46548411
2023-06-22 09:00:00,16850.0,17290.0,16520.0,16580.0,98050.98887454
2023-06-23 09:00:00,16580.0,17810.0,16580.0,17610.0,111786.56993658
2023-06-24 09:00:00,17610.0,17810.0,17040.0,17310.0,147176.1166812
2023-06-25 09:00:00,17340.0,19580.0,17290.0,17800.0,1231307.57807875
2023-06-26 09:00:00,17800.0,18100.0,17200.0,17430.0,218558.92283379
2023-06-27 09:00:00,17430.0,17800.0,17350.0,17450.0,110448.05180234
2023-06-28 09:00:00,17450.0,17450.0,16180.0,16410.0,131971.03816576
2023-06-29 09:00:00,16410.0,17280.0,16320.0,16910.0,266046.05235233
2023-06-30 09:00:00,16900.0,17770.0,16170.0,17360.0,477804.32898959
2023-07-01 09:00:00,17360.0,17580.0,17070.0,17330.0,289751.32479222
2023-07-02 09:00:00,17330.0,17530.0,16850.0,17390.0,272557.88460147
2023-07-03 09:00:00,17400.0,17850.0,17320.0,17490.0,217423.64150192
2023-07-04 09:00:00,17510.0,17680.0,17180.0,17230.0,272626.83818508
2023-07-05 09:00:00,17230.0,17320.0,16500.0,16810.0,152106.89718619
2023-07-06 09:00:00,16810.0,17300.0,16300.0,16500.0,164994.4765478
2023-07-07 09:00:00,16500.0,16930.0,16380.0,16880.0,71986.16902363
2023-07-08 09:00:00,16860.0,18430.0,16860.0,18070.0,1915736.98386527
2023-07-09 09:00:00,18070.0,19380.0,17900.0,17950.0,1971710.17398721
2023-07-10 09:00:00,17950.0,18200.0,17420.0,17620.0,267914.22892547
2023-07-11 09:00:00,17620.0,18000.0,17000.0,17370.0,148231.28980509
2023-07-12 09:00:00,17370.0,17470.0,16830.0,17070.0,155252.80704337
2023-07-13 09:00:00,17050.0,18050.0,16800.0,17980.0,410622.90682212
2023-07-14 09:00:00,17980.0,20440.0,17960.0,18880.0,2875691.21009919
2023-07-15 09:00:00,18880.0,19680.0,18470.0,19050.0,511652.7122454
2023-07-16 09:00:00,19060.0,19150.0,18260.0,18420.0,171534.65923402
2023-07-17 09:00:00,18420.0,18820.0,17900.0,18520.0,156132.96119466
2023-07-18 09:00:00,18520.0,18720.0,17560.0,17740.0,150528.41935736
2023-07-19 09:00:00,17740.0,18280.0,17690.0,17960.0,104947.71353029
2023-07-20 09:00:00,17970.0,18500.0,17690.0,17970.0,229126.69843422
2023-07-21 09:00:00,17960.0,18230.0,17790.0,18170.0,165541.65702506
2023-07-22 09:00:00,18200.0,18270.0,17430.0,17620.0,142435.94754397
2023-07-23 09:00:00,17620.0,17790.0,17390.0,17560.0,149278.86017314
2023-07-24 09:00:00,17560.0,17600.0,16670.0,17010.0,186053.9480812
2023-07-25 09:00:00,17050.0,17630.0,16920.0,17320.0,143577.12380665
2023-07-26 09:00:00,17320.0,17390.0,16970.0,17190.0,143764.01502452
2023-07-27 09:00:00,17190.0,17370.0,16980.0,17100.0,87809.15389842
2023-07-28 09:00:00,17080.0,17190.0,16880.0,17150.0,83651.89684159
2023-07-29 09:00:00,17140.0,17190.0,17040.0,17110.0,88308.63993327
2023-07-30 09:00:00,17110.0,17350.0,16810.0,16990.0,206547.65468703
2023-07-31 09:00:00,16990.0,17160.0,16530.0,16660.0,113734.01579746
2023-08-01 09:00:00,16660.0,16790.0,16280.0,16760.0,110190.5163387
2023-08-02 09:00:00,16770.0,16890.0,16390.0,16490.0,101059.86013826
2023-08-03 09:00:00,16500.0,16650.0,16320.0,16410.0,84114.55761926
2023-08-04 09:00:00,16410.0,16660.0,16330.0,16390.0,104780.11097793
2023-08-05 09:00:00,16420.0,16470.0,16250.0,16460.0,113404.44167212
2023-08-06 09:00:00,16470.0,16810.0,16450.0,16700.0,78882.8043156
2023-08-07 09:00:00,16730.0,16920.0,16210.0,16500.0,92527.15137016
2023-08-08 09:00:00,16510.0,16870.0,16430.0,16800.0,110557.26596497
2023-08-09 09:00:00,16800.0,16970.0,16640.0,16760.0,114376.14473683
2023-08-10 09:00:00,16750.0,16800.0,16500.0,16590.0,92509.71926963
2023-08-11 09:00:00,16590.0,16720.0,16520.0,16580.0,48841.68447811
2023-08-12 09:00:00,16610.0,16660.0,16490.0,16530.0,40596.28912587
2023-08-13 09:00:00,16550.0,16550.0,16340.0,16390.0,57668.32610179
2023-08-14 09:00:00,16410.0,16630.0,16290.0,16510.0,56462.80859777
2023-08-15 09:00:00,16520.0,16590.0,15550.0,15960.0,97905.74216859
2023-08-16 09:00:00,15980.0,16030.0,15120.0,15430.0,137834.55523002
2023-08-17 09:00:00,15460.0,15620.0,14120.0,14540.0,184803.27942122
2023-08-18 09:00:00,14570.0,15100.0,14500.0,14860.0,98972.4056775
2023-08-19 09:00:00,14880.0,15000.0,14580.0,14950.0,77639.54430375
2023-08-20 09:00:00,14950.0,15020.0,14800.0,14910.0,40430.17913882
2023-08-21 09:00:00,14910.0,14910.0,14040.0,14210.0,121579.60624616
2023-08-22 09:00:00,14210.0,14250.0,13450.0,13930.0,218531.23812244
2023-08-23 09:00:00,13930.0,14210.0,13760.0,14060.0,97610.59051618
2023-08-24 09:00:00,14060.0,14100.0,13620.0,13780.0,67337.24380249
2023-08-25 09:00:00,13770.0,13790.0,13490.0,13690.0,100820.40858294
2023-08-26 09:00:00,13670.0,13760.0,13620.0,13740.0,39814.19736027
2023-08-27 09:00:00,13730.0,13960.0,13700.0,13830.0,37910.88902072
2023-08-28 09:00:00,13830.0,14140.0,13460.0,14030.0,114924.98394254
2023-08-29 09:00:00,14040.0,15220.0,13980.0,14600.0,669545.76202481
2023-08-30 09:00:00,14610.0,14630.0,14070.0,14140.0,154381.7298167
2023-08-31 09:00:00,14140.0,14340.0,13530.0,13670.0,166854.03527621
2023-09-01 09:00:00,13660.0,13740.0,13420.0,13600.0,91689.87183857
2023-09-02 09:00:00,13610.0,13690.0,13280.0,13480.0,74583.11867869
2023-09-03 09:00:00,13490.0,13590.0,13380.0,13440.0,47588.21565073
2023-09-04 09:00:00,13440.0,13620.0,13180.0,13300.0,51656.08379336
2023-09-05 09:00:00,13300.0,13550.0,13140.0,13470.0,63691.25637197
2023-09-06 09:00:00,13490.0,13640.0,13330.0,13530.0,56443.65525196
2023-09-07 09:00:00,13510.0,13750.0,13390.0,13690.0,50170.43570228
2023-09-08 09:00:00,13700.0,13750.0,13410.0,13530.0,30586.86197739
2023-09-09 09:00:00,13500.0,13510.0,13400.0,13400.0,22998.61913405
2023-09-10 09:00:00,13400.0,13410.0,12790.0,12900.0,143444.14309199
2023-09-11 09:00:00,12900.0,12940.0,12360.0,12590.0,108019.30571543
2023-09-12 09:00:00,12590.0,13030.0,12480.0,12500.0,78872.99847257
2023-09-13 09:00:00,12510.0,12810.0,12350.0,12590.0,110061.03459042
2023-09-14 09:00:00,12590.0,12810.0,12530.0,12720.0,134233.41698669
2023-09-15 09:00:00,12730.0,12880.0,12480.0,12740.0,158600.9740278
2023-09-16 09:00:00,12750.0,13080.0,12690.0,12720.0,313885.27805099
2023-09-17 09:00:00,12720.0,12720.0,12190.0,12280.0,268026.69275866
2023-09-18 09:00:00,12270.0,12520.0,11900.0,12240.0,385402.49390727
2023-09-19 09:00:00,12230.0,12470.0,12120.0,12370.0,175225.81348957
2023-09-20 09:00:00,12390.0,12390.0,11980.0,12190.0,243603.72907398
2023-09-21 09:00:00,12190.0,12310.0,11910.0,11970.0,344566.82437813
2023-09-22 09:00:00,11970.0,12060.0,11850.0,12000.0,159899.10648696
2023-09-23 09:00:00,12010.0,12170.0,11960.0,12040.0,149938.98892316
2023-09-24 09:00:00,12070.0,12640.0,11860.0,11890.0,595063.24780875
2023-09-25 09:00:00,11890.0,12100.0,11680.0,12080.0,220359.12942403
2023-09-26 09:00:00,12080.0,12290.0,12020.0,12290.0,126365.47657659
2023-09-27 09:00:00,12290.0,12510.0,12060.0,12170.0,227096.00692428
2023-09-28 09:00:00,12170.0,12660.0,12160.0,12560.0,158863.69011119
2023-09-29 09:00:00,12570.0,12690.0,12320.0,12430.0,156462.66389843
2023-09-30 09:00:00,12440.0,12610.0,12370.0,12530.0,168262.79891624
2023-10-01 09:00:00,12550.0,13240.0,12490.0,13150.0,295141.06316151
2023-10-02 09:00:00,13160.0,13300.0,12500.0,12660.0,258313.03930146
2023-10-03 09:00:00,12680.0,12880.0,12540.0,12790.0,250044.55250259
2023-10-04 09:00:00,12790.0,13950.0,12400.0,13680.0,800077.87474933
2023-10-05 09:00:00,13670.0,13990.0,13320.0,13750.0,529678.39385269
2023-10-06 09:00:00,13750.0,14730.0,13740.0,14410.0,716806.80045868
2023-10-07 09:00:00,14410.0,16400.0,13920.0,14030.0,2635063.95109935
2023-10-08 09:00:00,14030.0,14300.0,13510.0,13700.0,551896.87351115
2023-10-09 09:00:00,13700.0,13700.0,12690.0,12990.0,339407.80463022
2023-10-10 09:00:00,12990.0,13450.0,12870.0,13000.0,321824.68198987
2023-10-11 09:00:00,13000.0,13040.0,12580.0,12680.0,172413.18148249
2023-10-12 09:00:00,12700.0,12720.0,12170.0,12520.0,225454.60580351
2023-10-13 09:00:00,12520.0,12820.0,12430.0,12580.0,143202.6220738
2023-10-14 09:00:00,12580.0,12750.0,12500.0,12530.0,93832.08200042
2023-10-15 09:00:00,12540.0,12680.0,12380.0,12530.0,140415.24582972
2023-10-16 09:00:00,12520.0,13350.0,12520.0,12770.0,303764.20173479
2023-10-17 09:00:00,12780.0,12800.0,12270.0,12400.0,195915.99693504
2023-10-18 09:00:00,12400.0,12530.0,12080.0,12190.0,118830.95495863
2023-10-19 09:00:00,12190.0,12400.0,11880.0,12310.0,140562.99903835
2023-10-20 09:00:00,12320.0,12700.0,12260.0,12510.0,250558.33200789
2023-10-21 09:00:00,12510.0,13490.0,12460.0,13010.0,673546.09699607
2023-10-22 09:00:00,13010.0,13620.0,12870.0,13550.0,1061852.81148294
2023-10-23 09:00:00,13560.0,14180.0,13300.0,14110.0,909421.83637273
2023-10-24 09:00:00,14140.0,14390.0,13580.0,13890.0,723444.43930746
2023-10-25 09:00:00,13890.0,14300.0,13790.0,14180.0,378586.25052001
2023-10-26 09:00:00,14180.0,15480.0,14020.0,14930.0,961116.74746674
2023-10-27 09:00:00,14930.0,14950.0,14000.0,14360.0,317223.73090888
2023-10-28 09:00:00,14390.0,15040.0,14340.0,14910.0,217578.96830677
2023-10-29 09:00:00,14920.0,15480.0,14710.0,15430.0,213012.60361328
2023-10-30 09:00:00,15430.0,15810.0,15080.0,15520.0,197960.79321977
2023-10-31 09:00:00,15540.0,15970.0,14920.0,15390.0,297982.08742048
2023-11-01 09:00:00,15400.0,16640.0,14890.0,16570.0,494277.2526058
2023-11-02 09:00:00,16580.0,17000.0,15560.0,16160.0,645561.96645046
2023-11-03 09:00:00,16190.0,16340.0,15500.0,16290.0,253909.45760641
2023-11-04 09:00:00,16310.0,16520.0,16090.0,16380.0,222979.04096849
2023-11-05 09:00:00,16380.0,17550.0,16280.0,16630.0,500306.04280986
2023-11-06 09:00:00,16600.0,17540.0,16350.0,17480.0,468014.92182574
2023-11-07 09:00:00,17450.0,17600.0,16560.0,17120.0,286518.66860932
2023-11-08 09:00:00,17140.0,17460.0,16910.0,17310.0,184598.77560096
2023-11-09 09:00:00,17320.0,18470.0,16490.0,17490.0,685394.71383578
2023-11-10 09:00:00,17470.0,19910.0,17370.0,19810.0,884486.68429866
2023-11-11 09:00:00,19770.0,22710.0,18750.0,22440.0,1051618.52205312
2023-11-12 09:00:00,22450.0,26670.0,21250.0,25290.0,2671804.23132634
2023-11-13 09:00:00,25270.0,26310.0,21670.0,21690.0,1463509.91358715
2023-11-14 09:00:00,21720.0,24320.0,20970.0,23010.0,2264234.6892635
2023-11-15 09:00:00,23030.0,27910.0,22810.0,27600.0,5970731.43812316
2023-11-16 09:00:00,27590.0,32400.0,26950.0,29320.0,10314751.34323491
2023-11-17 09:00:00,29330.0,33200.0,27110.0,29740.0,8966339.53274575
2023-11-18 09:00:00,29740.0,30500.0,27200.0,29510.0,2816108.49533088
2023-11-19 09:00:00,29510.0,30760.0,27920.0,30430.0,2458111.9786018
2023-11-20 09:00:00,30460.0,31300.0,27810.0,27970.0,2882910.65506955
2023-11-21 09:00:00,27980.0,29800.0,25640.0,25800.0,3511006.45438329
2023-11-22 09:00:00,25760.0,28440.0,25750.0,27800.0,1541970.94137755
2023-11-23 09:00:00,27800.0,28730.0,27320.0,27610.0,918305.2143624
2023-11-24 09:00:00,27640.0,29240.0,27370.0,28040.0,1045598.54352674
2023-11-25 09:00:00,28030.0,28840.0,27620.0,28540.0,523058.46338462
2023-11-26 09:00:00,28550.0,28750.0,27060.0,28240.0,416033.30080784
2023-11-27 09:00:00,28260.0,28510.0,26820.0,27520.0,382296.11141409
2023-11-28 09:00:00,27520.0,27900.0,26230.0,27680.0,431546.50181988
2023-11-29 09:00:00,27680.0,28820.0,27470.0,28310.0,768533.8739652
2023-11-30 09:00:00,28310.0,28800.0,27890.0,28690.0,439404.61145976
2023-12-01 09:00:00,28690.0,30350.0,28320.0,29270.0,889191.50722009
2023-12-02 09:00:00,29300.0,29770.0,29100.0,29650.0,460617.02697994
2023-12-03 09:00:00,29650.0,30350.0,28930.0,29470.0,525964.27544057
2023-12-04 09:00:00,29470.0,31140.0,28400.0,30660.0,1024751.22782519
2023-12-05 09:00:00,30660.0,34120.0,29770.0,33520.0,1279215.2184564
2023-12-06 09:00:00,33570.0,38000.0,33330.0,36140.0,3551133.53273558
2023-12-07 09:00:00,36140.0,38440.0,35580.0,36070.0,1834921.6000978
2023-12-08 09:00:00,36060.0,41940.0,35720.0,41420.0,1935254.08210986
2023-12-09 09:00:00,41410.0,47010.0,41410.0,43850.0,4246171.38226806
2023-12-10 09:00:00,43850.0,51850.0,43120.0,50790.0,3135947.83333331
2023-12-11 09:00:00,50830.0,54540.0,46000.0,52510.0,6164832.04499864
2023-12-12 09:00:00,52570.0,59140.0,50180.0,52100.0,5642681.10177845
2023-12-13 09:00:00,52100.0,57200.0,47540.0,53740.0,5355420.65144973
2023-12-14 09:00:00,53730.0,54920.0,51810.0,53710.0,2780123.98054711
2023-12-15 09:00:00,53700.0,58170.0,52600.0,54980.0,3820439.90639378
2023-12-16 09:00:00,54980.0,61980.0,53200.0,57930.0,4875490.73123541
2023-12-17 09:00:00,57930.0,60380.0,55030.0,55700.0,3491172.72902331
2023-12-18 09:00:00,55700.0,56770.0,49700.0,56110.0,4265312.85456139
2023-12-19 09:00:00,56080.0,57100.0,53050.0,54380.0,1989880.62826771
2023-12-20 09:00:00,54300.0,60140.0,53350.0,59030.0,2335726.28149097
2023-12-21 09:00:00,59030.0,64260.0,58490.0,62290.0,2813519.18381883
2023-12-22 09:00:00,62330.0,66500.0,59200.0,61480.0,3272716.40136687
2023-12-23 09:00:00,61520.0,65320.0,59150.0,65000.0,1722821.28766022
2023-12-24 09:00:00,65000.0,68000.0,63020.0,64270.0,2931892.26690306
2023-12-25 09:00:00,64270.0,65400.0,61510.0,64210.0,1986670.52692301
2023-12-26 09:00:00,64210.0,64420.0,55180.0,59590.0,1451981.95282368
2023-12-27 09:00:00,59550.0,60110.0,55950.0,56590.0,1027375.31559773
2023-12-28 09:00:00,56570.0,57890.0,52570.0,53250.0,1010818.58905563
2023-12-29 09:00:00,53250.0,56140.0,51360.0,53950.0,1280266.82921383
2023-12-30 09:00:00,53940.0,54090.0,51590.0,52830.0,496156.36682669
2023-12-31 09:00:00,52850.0,54240.0,51180.0,52040.0,337441.4536294
2024-01-01 09:00:00,52040.0,56020.0,51500.0,55840.0,512502.96594959
2024-01-02 09:00:00,55850.0,57800.0,54210.0,54430.0,827099.73372085
2024-01-03 09:00:00,54430.0,55250.0,42650.0,50330.0,1262309.09883414
2024-01-04 09:00:00,50330.0,53000.0,48530.0,52060.0,645817.41697229
2024-01-05 09:00:00,52080.0,52360.0,47500.0,49080.0,449384.35014143
2024-01-06 09:00:00,49080.0,49180.0,45200.0,46790.0,447840.10854508
2024-01-07 09:00:00,46750.0,48330.0,44480.0,45280.0,449487.98535812
2024-01-08 09:00:00,45260.0,49000.0,41870.0,48480.0,1340826.24781438
2024-01-09 09:00:00,48480.0,50320.0,45500.0,46660.0,1208623.45132791
2024-01-10 09:00:00,46660.0,54000.0,44560.0,52530.0,1009734.01217432
2024-01-11 09:00:00,52540.0,56900.0,51160.0,53860.0,1118396.68521411
2024-01-12 09:00:00,53890.0,54260.0,48030.0,49830.0,664063.67389603
2024-01-13 09:00:00,49830.0,50350.0,47380.0,50210.0,359346.16331783
2024-01-14 09:00:00,50210.0,51970.0,48430.0,48460.0,464368.59175984
2024-01-15 09:00:00,48490.0,50260.0,48320.0,48930.0,269424.87680444
2024-01-16 09:00:00,48930.0,50020.0,47990.0,48860.0,314234.99529277
2024-01-17 09:00:00,48860.0,50170.0,48510.0,49640.0,391244.37841085
2024-01-18 09:00:00,49640.0,49840.0,45780.0,46660.0,312229.45500715
2024-01-19 09:00:00,46640.0,46750.0,43380.0,45450.0,346861.34991296
2024-01-20 09:00:00,45450.0,45560.0,44480.0,45370.0,120337.06090661
2024-01-21 09:00:00,45340.0,46270.0,44770.0,44910.0,117010.52754911
2024-01-22 09:00:00,44950.0,45160.0,40730.0,40880.0,355838.68673722
2024-01-23 09:00:00,40870.0,42690.0,37790.0,42560.0,548375.77686268
2024-01-24 09:00:00,42610.0,43950.0,40620.0,42950.0,437757.80018517
2024-01-25 09:00:00,42950.0,43260.0,40960.0,42100.0,224675.13821374
2024-01-26 09:00:00,42130.0,45540.0,41590.0,44390.0,363210.9535026
2024-01-27 09:00:00,44410.0,45940.0,43920.0,45870.0,210003.21158568
2024-01-28 09:00:00,45900.0,50550.0,45750.0,47900.0,1745877.26076189
2024-01-29 09:00:00,47960.0,49850.0,47250.0,49250.0,881418.35742731
2024-01-30 09:00:00,49250.0,50640.0,48030.0,48330.0,738745.25298875
2024-01-31 09:00:00,48330.0,48720.0,45810.0,45850.0,367568.15963406
2024-02-01 09:00:00,45860.0,46660.0,44660.0,46510.0,278296.12186008
2024-02-02 09:00:00,46530.0,50630.0,46420.0,50520.0,745107.39675546
2024-02-03 09:00:00,50520.0,51610.0,48760.0,49510.0,503721.7398716
2024-02-04 09:00:00,49480.0,50270.0,48000.0,48120.0,309785.68105569
2024-02-05 09:00:00,48160.0,49340.0,47120.0,47660.0,407278.97818002
2024-02-06 09:00:00,47660.0,47820.0,46480.0,46780.0,265899.18901623
2024-02-07 09:00:00,46810.0,48360.0,46120.0,47990.0,255299.84042726
2024-02-08 09:00:00,48000.0,49150.0,47910.0,48540.0,330931.74243729
2024-02-09 09:00:00,48540.0,52200.0,48490.0,51270.0,644734.89069401
2024-02-10 09:00:00,51270.0,55510.0,51270.0,54340.0,764401.16676421
2024-02-11 09:00:00,54340.0,55510.0,53300.0,53630.0,469680.94195794
2024-02-12 09:00:00,53720.0,55220.0,52200.0,55030.0,474601.0630118
2024-02-13 09:00:00,55030.0,56000.0,52870.0,53870.0,581344.53604165
2024-02-14 09:00:00,53900.0,57400.0,53000.0,57230.0,649763.32090805
2024-02-15 09:00:00,57230.0,59490.0,56040.0,57070.0,687144.66836011
2024-02-16 09:00:00,57090.0,57540.0,54850.0,55800.0,363766.39295589
2024-02-17 09:00:00,55780.0,56100.0,52990.0,55050.0,335091.3480245
2024-02-18 09:00:00,55050.0,56140.0,53910.0,55590.0,254681.72519275
2024-02-19 09:00:00,55600.0,56100.0,54350.0,54810.0,389177.36143013
2024-02-20 09:00:00,54810.0,54950.0,51730.0,53200.0,480384.94728691
2024-02-21 09:00:00,53210.0,53350.0,50600.0,52480.0,320959.64140296
2024-02-22 09:00:00,52520.0,52920.0,51150.0,51360.0,210759.03273218
2024-02-23 09:00:00,51330.0,51570.0,49600.0,50180.0,279196.55012573
2024-02-24 09:00:00,50180.0,50990.0,49150.0,50760.0,206508.62772443
2024-02-25 09:00:00,50750.0,51620.0,50300.0,51620.0,173387.13435664
2024-02-26 09:00:00,51610.0,53960.0,49830.0,53880.0,365135.16612966
2024-02-27 09:00:00,53840.0,54850.0,53240.0,54040.0,477379.16587893
2024-02-28 09:00:00,54040.0,57120.0,51890.0,56610.0,891450.03266693
2024-02-29 09:00:00,56610.0,62250.0,55890.0,57490.0,1254473.68683851
2024-03-01 09:00:00,57510.0,61270.0,57500.0,59870.0,750543.92432753
2024-03-02 09:00:00,59870.0,62080.0,58970.0,61910.0,788759.98510256
2024-03-03 09:00:00,61900.0,63230.0,56340.0,59470.0,870685.67684275
2024-03-04 09:00:00,59470.0,61360.0,58220.0,60270.0,794251.69774213
2024-03-05 09:00:00,60300.0,63880.0,52960.0,56580.0,1658132.06730722
2024-03-06 09:00:00,56580.0,59370.0,53290.0,58750.0,724621.22537512
2024-03-07 09:00:00,58750.0,62520.0,58750.0,60890.0,1053763.54524895
2024-03-08 09:00:00,60880.0,61850.0,58580.0,60250.0,636614.53471769
2024-03-09 09:00:00,60250.0,60750.0,59300.0,60300.0,366066.70908373
2024-03-10 09:00:00,60280.0,61430.0,58430.0,59610.0,409675.41901007
2024-03-11 09:00:00,59610.0,74910.0,56730.0,68340.0,3117559.81771982
2024-03-12 09:00:00,68270.0,80780.0,65580.0,78600.0,2879031.59009013
2024-03-13 09:00:00,78570.0,79180.0,74650.0,78150.0,982536.07414467
2024-03-14 09:00:00,78150.0,84560.0,73590.0,77580.0,1873059.9688686
2024-03-15 09:00:00,77590.0,85550.0,70640.0,84880.0,3356670.71841489
2024-03-16 09:00:00,84900.0,89350.0,76190.0,79150.0,2248887.97737289
2024-03-17 09:00:00,79090.0,85400.0,73000.0,85400.0,1540230.46199326
2024-03-18 09:00:00,85400.0,96030.0,80610.0,88870.0,3563503.11010009
2024-03-19 09:00:00,88860.0,91130.0,79540.0,80310.0,4272110.39777089
2024-03-20 09:00:00,80260.0,85970.0,74560.0,83990.0,2977332.40111628
2024-03-21 09:00:00,84000.0,84770.0,77210.0,78400.0,1097602.67176254
2024-03-22 09:00:00,78400.0,83820.0,76340.0,78600.0,1384160.89625782
2024-03-23 09:00:00,78610.0,81220.0,76760.0,77880.0,687444.60761515
2024-03-24 09:00:00,77870.0,80290.0,76410.0,80010.0,525415.47798846
2024-03-25 09:00:00,79970.0,84490.0,78870.0,82050.0,929258.25009064
2024-03-26 09:00:00,82010.0,83490.0,79500.0,80010.0,947958.74681917
2024-03-27 09:00:00,80010.0,80890.0,76700.0,77750.0,702909.28062104
2024-03-28 09:00:00,77830.0,78420.0,76550.0,77960.0,420002.88665254
2024-03-29 09:00:00,77960.0,78040.0,75400.0,76260.0,375863.45615492
2024-03-30 09:00:00,76290.0,78000.0,75930.0,76070.0,270313.50996604
2024-03-31 09:00:00,76070.0,77240.0,75500.0,76570.0,326332.94426166
2024-04-01 09:00:00,76540.0,76710.0,72770.0,74010.0,616202.16777915
2024-04-02 09:00:00,74010.0,74010.0,68000.0,68780.0,557093.06215276
2024-04-03 09:00:00,68830.0,70360.0,66110.0,67220.0,369426.40772967
2024-04-04 09:00:00,67230.0,69610.0,66660.0,67650.0,290962.29973079
2024-04-05 09:00:00,67610.0,67670.0,64500.0,65760.0,330295.68706406
2024-04-06 09:00:00,65800.0,70100.0,65400.0,69330.0,321544.5019419
2024-04-07 09:00:00,69340.0,70870.0,68920.0,70650.0,204166.36055399
2024-04-08 09:00:00,70650.0,72030.0,69020.0,71160.0,306266.68259443
2024-04-09 09:00:00,71110.0,71310.0,66820.0,66940.0,226460.19153541
2024-04-10 09:00:00,66920.0,68770.0,65400.0,67510.0,328669.82664624
2024-04-11 09:00:00,67580.0,67640.0,65650.0,66110.0,188432.18185884
2024-04-12 09:00:00,66110.0,66800.0,56750.0,58680.0,477204.43026154
2024-04-13 09:00:00,58680.0,58690.0,45710.0,51360.0,871538.36734954
2024-04-14 09:00:00,51370.0,57210.0,50010.0,56140.0,697041.56900686
2024-04-15 09:00:00,56130.0,57470.0,52170.0,53410.0,510209.13790019
2024-04-16 09:00:00,53500.0,53920.0,49630.0,52080.0,387678.60179538
2024-04-17 09:00:00,52080.0,52730.0,48710.0,50050.0,426620.77027904
2024-04-18 09:00:00,50130.0,52500.0,48750.0,51290.0,442384.87499823
2024-04-19 09:00:00,51290.0,52610.0,47300.0,50700.0,500559.02157355
2024-04-20 09:00:00,50690.0,56290.0,50150.0,55990.0,348718.12606756
2024-04-21 09:00:00,55990.0,56710.0,53470.0,54310.0,324312.07239827
2024-04-22 09:00:00,54330.0,57670.0,53900.0,57010.0,379776.64835279
2024-04-23 09:00:00,56980.0,58050.0,54990.0,55450.0,353618.7635277
2024-04-24 09:00:00,55460.0,57290.0,52520.0,52980.0,397333.14798561
2024-04-25 09:00:00,53020.0,53520.0,50290.0,51170.0,269097.65179292
2024-04-26 09:00:00,51190.0,51490.0,49530.0,49680.0,178913.88573784
2024-04-27 09:00:00,49680.0,50550.0,48140.0,49700.0,238969.10947632
2024-04-28 09:00:00,49760.0,50750.0,48500.0,48750.0,190389.89012314
2024-04-29 09:00:00,48750.0,51460.0,47000.0,50460.0,419900.95951877
2024-04-30 09:00:00,50460.0,51130.0,46110.0,46900.0,426544.6308964
2024-05-01 09:00:00,46900.0,48410.0,43010.0,47670.0,598734.38172987
2024-05-02 09:00:00,47670.0,48320.0,45490.0,47220.0,288709.74741543
2024-05-03 09:00:00,47180.0,51000.0,47070.0,50450.0,275961.06396352
2024-05-04 09:00:00,50450.0,53230.0,49510.0,52820.0,270299.96630441
2024-05-05 09:00:00,52820.0,53540.0,51710.0,52570.0,258057.61437495
2024-05-06 09:00:00,52570.0,55830.0,51800.0,52130.0,464874.76760958
2024-05-07 09:00:00,52130.0,52870.0,49610.0,49670.0,282752.97299848
2024-05-08 09:00:00,49660.0,50000.0,47280.0,47690.0,322771.91872064
2024-05-09 09:00:00,47680.0,49350.0,47230.0,49030.0,194225.33040131
2024-05-10 09:00:00,49000.0,50250.0,47130.0,47610.0,253814.39060175
2024-05-11 09:00:00,47650.0,47990.0,46550.0,47240.0,123315.19313847
2024-05-12 09:00:00,47240.0,47920.0,46470.0,46700.0,69908.92308378
2024-05-13 09:00:00,46710.0,47380.0,45000.0,45410.0,249525.47894334
2024-05-14 09:00:00,45440.0,46700.0,44300.0,44460.0,209278.17450882
2024-05-15 09:00:00,44450.0,48470.0,44090.0,48210.0,359704.32278854
2024-05-16 09:00:00,48210.0,48500.0,47150.0,47940.0,211507.85483756
2024-05-17 09:00:00,48020.0,52020.0,47710.0,50350.0,394118.03340941
2024-05-18 09:00:00,50360.0,52250.0,50240.0,51820.0,216374.87311296
2024-05-19 09:00:00,51820.0,52420.0,49250.0,49550.0,230186.71906113
2024-05-20 09:00:00,49550.0,54800.0,48840.0,54600.0,369246.39925543
2024-05-21 09:00:00,54670.0,56990.0,53990.0,56830.0,370274.71559178
2024-05-22 09:00:00,56820.0,57180.0,53850.0,55170.0,278782.74606605
2024-05-23 09:00:00,55180.0,55850.0,51140.0,53770.0,389973.88950686
2024-05-24 09:00:00,53760.0,54420.0,51760.0,52870.0,183557.68313545
2024-05-25 09:00:00,52920.0,53800.0,52510.0,53180.0,119479.56076516
2024-05-26 09:00:00,53190.0,53260.0,51170.0,51310.0,148131.83339387
2024-05-27 09:00:00,51330.0,53620.0,51000.0,52970.0,163073.70575068
2024-05-28 09:00:00,52970.0,53080.0,50700.0,51280.0,207362.72100052
2024-05-29 09:00:00,51250.0,51700.0,50280.0,50280.0,141536.78001418
2024-05-30 09:00:00,50330.0,51550.0,49260.0,50070.0,177900.81661593
2024-05-31 09:00:00,50060.0,51290.0,49410.0,50440.0,115772.19521821
2024-06-01 09:00:00,50400.0,50600.0,50010.0,50110.0,49060.97344548
2024-06-02 09:00:00,50110.0,50690.0,49000.0,49000.0,99494.08054173
2024-06-03 09:00:00,49050.0,50380.0,48500.0,48910.0,128772.07937919
2024-06-04 09:00:00,48910.0,50040.0,48120.0,49950.0,142551.59193931
2024-06-05 09:00:00,49880.0,50920.0,49760.0,50620.0,197738.83563042
2024-06-06 09:00:00,50590.0,51580.0,49890.0,49890.0,154414.45838132
2024-06-07 09:00:00,49880.0,51200.0,45000.0,47350.0,303773.51835016
2024-06-08 09:00:00,47380.0,47590.0,45270.0,45780.0,175543.34867411
2024-06-09 09:00:00,45780.0,46450.0,45350.0,46370.0,98370.08298689
2024-06-10 09:00:00,46370.0,47000.0,44870.0,45220.0,135101.40144548
2024-06-11 09:00:00,45220.0,45460.0,43470.0,44740.0,209617.44354204
2024-06-12 09:00:00,44780.0,47590.0,43500.0,46810.0,216947.13133654
2024-06-13 09:00:00,46750.0,46950.0,43850.0,43980.0,152167.08406104
2024-06-14 09:00:00,43980.0,45500.0,41840.0,43140.0,200120.17185789
2024-06-15 09:00:00,43130.0,43490.0,42000.0,42600.0,64650.72661098
2024-06-16 09:00:00,42620.0,43170.0,42020.0,42520.0,102457.69397691
2024-06-17 09:00:00,42520.0,42850.0,38500.0,40130.0,301057.39795646
2024-06-18 09:00:00,40090.0,40210.0,35430.0,37440.0,347718.28039271
2024-06-19 09:00:00,37400.0,39000.0,37110.0,38030.0,154751.58027237
2024-06-20 09:00:00,38020.0,40690.0,37700.0,39010.0,204315.95270431
2024-06-21 09:00:00,39010.0,39590.0,38090.0,38690.0,134325.55365574
2024-06-22 09:00:00,38740.0,38820.0,34840.0,36290.0,847249.67932389
2024-06-23 09:00:00,36290.0,36790.0,34100.0,35360.0,638901.42773392
2024-06-24 09:00:00,35350.0,35620.0,33350.0,35130.0,573522.98336878
2024-06-25 09:00:00,35120.0,36310.0,34710.0,35950.0,268893.25036233
2024-06-26 09:00:00,35930.0,37650.0,35650.0,36510.0,303219.74961241
2024-06-27 09:00:00,36500.0,39950.0,35820.0,39340.0,309537.76669357
2024-06-28 09:00:00,39290.0,40900.0,38960.0,39370.0,212423.68948188
2024-06-29 09:00:00,39370.0,40400.0,38760.0,39090.0,98237.80186811
2024-06-30 09:00:00,39090.0,41450.0,38470.0,41180.0,172956.85398749
2024-07-01 09:00:00,41180.0,42170.0,40400.0,40460.0,178701.03827468
2024-07-02 09:00:00,40470.0,40580.0,39490.0,40330.0,158936.13528238
2024-07-03 09:00:00,40330.0,40720.0,37490.0,37600.0,216380.38475554
2024-07-04 09:00:00,37620.0,37800.0,34850.0,35010.0,226437.6905965
2024-07-05 09:00:00,35000.0,36210.0,31580.0,35930.0,486614.22531074
2024-07-06 09:00:00,35940.0,39250.0,35450.0,38950.0,166632.60050065
2024-07-07 09:00:00,38930.0,39120.0,36250.0,36580.0,162193.78606931
2024-07-08 09:00:00,36610.0,38680.0,35120.0,35860.0,319124.37217205
2024-07-09 09:00:00,35860.0,37470.0,35220.0,37330.0,231456.04706313
2024-07-10 09:00:00,37370.0,38730.0,36360.0,36550.0,184529.61201912
2024-07-11 09:00:00,36550.0,37180.0,35440.0,35680.0,311175.71560637
2024-07-12 09:00:00,35680.0,36760.0,35160.0,36550.0,170773.01276228
2024-07-13 09:00:00,36530.0,36980.0,35920.0,36260.0,227051.15800357
2024-07-14 09:00:00,36260.0,37480.0,36000.0,36890.0,296854.89047033
2024-07-15 09:00:00,36970.0,39200.0,36900.0,39140.0,406407.27005346
2024-07-16 09:00:00,39130.0,41120.0,37060.0,39190.0,516172.10160725
2024-07-17 09:00:00,39170.0,40470.0,38030.0,38070.0,388823.77124236
2024-07-18 09:00:00,38070.0,38910.0,37500.0,38100.0,267127.74851804
2024-07-19 09:00:00,38100.0,39670.0,37320.0,39280.0,295923.63969491
2024-07-20 09:00:00,39270.0,40900.0,39040.0,40810.0,213725.01587015
2024-07-21 09:00:00,40810.0,46080.0,40010.0,45430.0,1024888.90150637
2024-07-22 09:00:00,45440.0,45950.0,43750.0,44520.0,495009.18084272
2024-07-23 09:00:00,44520.0,45550.0,41360.0,41740.0,453677.54705275
2024-07-24 09:00:00,41740.0,42740.0,39520.0,39720.0,543734.41227394
2024-07-25 09:00:00,39720.0,40010.0,36990.0,38330.0,428450.51456149
2024-07-26 09:00:00,38330.0,40270.0,38190.0,40010.0,316309.43165633
2024-07-27 09:00:00,40040.0,41160.0,38560.0,39000.0,272256.84587983
2024-07-28 09:00:00,39000.0,39330.0,37920.0,38300.0,208988.13701926
2024-07-29 09:00:00,38290.0,40040.0,37800.0,37820.0,300626.78573668
2024-07-30 09:00:00,37830.0,38320.0,36610.0,36890.0,220139.02240673
2024-07-31 09:00:00,36940.0,37510.0,35790.0,35890.0,226570.80116469
2024-08-01 09:00:00,35930.0,36310.0,33960.0,36120.0,274138.10037638
2024-08-02 09:00:00,36130.0,36440.0,33010.0,33300.0,280237.83838681
2024-08-03 09:00:00,33300.0,33900.0,31500.0,32130.0,248317.5579955
2024-08-04 09:00:00,32120.0,32440.0,29350.0,29900.0,295128.60077288
2024-08-05 09:00:00,29920.0,30110.0,25330.0,28120.0,884404.83371027
2024-08-06 09:00:00,28150.0,30530.0,28150.0,29850.0,287767.23540118
2024-08-07 09:00:00,29860.0,30890.0,28060.0,28280.0,303993.50815536
2024-08-08 09:00:00,28250.0,31990.0,27800.0,31860.0,283420.14369854
2024-08-09 09:00:00,31800.0,32040.0,30030.0,30630.0,326619.35243225
2024-08-10 09:00:00,30630.0,31000.0,30100.0,30390.0,131671.99960544
2024-08-11 09:00:00,30390.0,31300.0,28750.0,28800.0,241945.19535356
2024-08-12 09:00:00,28790.0,30400.0,28620.0,29850.0,232228.90269153
2024-08-13 09:00:00,29810.0,30290.0,28930.0,29880.0,155448.95110898
2024-08-14 09:00:00,29900.0,30490.0,29050.0,29390.0,184734.09157165
2024-08-15 09:00:00,29390.0,29660.0,27940.0,28360.0,230835.83509777
2024-08-16 09:00:00,28310.0,28830.0,27750.0,28490.0,150756.9039981
2024-08-17 09:00:00,28450.0,28870.0,28240.0,28870.0,49128.73108842
2024-08-18 09:00:00,28840.0,29910.0,28630.0,29010.0,100077.14457375
2024-08-19 09:00:00,28990.0,29150.0,28150.0,29090.0,88404.64262444
2024-08-20 09:00:00,29120.0,31150.0,29010.0,30430.0,224449.35702652
2024-08-21 09:00:00,30400.0,32210.0,30390.0,31890.0,474108.88328237
2024-08-22 09:00:00,31890.0,34360.0,31350.0,34210.0,572054.2304571
2024-08-23 09:00:00,34210.0,36280.0,34210.0,35420.0,792192.26959497
2024-08-24 09:00:00,35370.0,37300.0,35050.0,36270.0,345378.05576808
2024-08-25 09:00:00,36260.0,36990.0,35050.0,36140.0,176461.08334974
2024-08-26 09:00:00,36180.0,36510.0,34830.0,34830.0,205217.69587324
2024-08-27 09:00:00,34830.0,35930.0,32300.0,32790.0,258495.93060383
2024-08-28 09:00:00,32780.0,33750.0,31690.0,32000.0,247741.04275349
2024-08-29 09:00:00,31980.0,33380.0,31010.0,31190.0,191569.58847139
2024-08-30 09:00:00,31160.0,32080.0,30410.0,31690.0,204931.95660934
2024-08-31 09:00:00,31690.0,31840.0,30600.0,31020.0,94657.6876913
2024-09-01 09:00:00,31020.0,31060.0,29000.0,29300.0,174514.19874022
2024-09-02 09:00:00,29300.0,30640.0,29230.0,30320.0,178936.35230592
2024-09-03 09:00:00,30320.0,30870.0,29050.0,29110.0,182003.67811214
2024-09-04 09:00:00,29110.0,30240.0,28120.0,29740.0,232643.58641492
2024-09-05 09:00:00,29740.0,30060.0,28900.0,29060.0,128308.25882637
2024-09-06 09:00:00,29060.0,29980.0,28120.0,28890.0,247544.46330559
2024-09-07 09:00:00,28890.0,29900.0,28600.0,29620.0,69852.88089108
2024-09-08 09:00:00,29580.0,31890.0,29510.0,31560.0,216353.24540758
2024-09-09 09:00:00,31550.0,33000.0,31390.0,32320.0,248500.1373529
2024-09-10 09:00:00,32300.0,33250.0,31920.0,33020.0,137687.947706
2024-09-11 09:00:00,33000.0,33260.0,31100.0,31460.0,212849.75707806
2024-09-12 09:00:00,31430.0,32500.0,31410.0,32340.0,185694.40819534
2024-09-13 09:00:00,32320.0,33610.0,31800.0,33400.0,181322.22997571
2024-09-14 09:00:00,33350.0,34480.0,33030.0,33940.0,137933.84926462
2024-09-15 09:00:00,33940.0,34060.0,31890.0,32110.0,169203.5376958
2024-09-16 09:00:00,32080.0,32610.0,31330.0,31660.0,150078.10813842
2024-09-17 09:00:00,31670.0,32850.0,31220.0,32030.0,122805.07278511
2024-09-18 09:00:00,31930.0,33100.0,30830.0,33080.0,139573.35201394
2024-09-19 09:00:00,33080.0,35660.0,33040.0,35550.0,308984.83141028
2024-09-20 09:00:00,35550.0,38390.0,35300.0,37000.0,352320.79413167
2024-09-21 09:00:00,36950.0,37610.0,36130.0,37040.0,152289.14714263
2024-09-22 09:00:00,37040.0,37070.0,35500.0,36480.0,167160.04935834
2024-09-23 09:00:00,36480.0,37570.0,35530.0,36660.0,153049.31684696
2024-09-24 09:00:00,36620.0,37820.0,35910.0,37760.0,165494.65994021
2024-09-25 09:00:00,37760.0,37800.0,36350.0,36480.0,223098.36836996
2024-09-26 09:00:00,36540.0,38840.0,36040.0,38520.0,300587.16335078
2024-09-27 09:00:00,38470.0,40690.0,38100.0,40190.0,354170.7220742
2024-09-28 09:00:00,40190.0,40630.0,38300.0,38590.0,243275.86016143
2024-09-29 09:00:00,38570.0,38790.0,37230.0,38080.0,167593.6349979
2024-09-30 09:00:00,38060.0,38080.0,36500.0,36720.0,184414.41800501
2024-10-01 09:00:00,36680.0,38150.0,33630.0,34610.0,243127.60436924
2024-10-02 09:00:00,34630.0,35690.0,33710.0,34150.0,190253.59042632
2024-10-03 09:00:00,34150.0,34590.0,32550.0,33480.0,199516.01342622
2024-10-04 09:00:00,33510.0,35800.0,33140.0,35510.0,186689.96481838
2024-10-05 09:00:00,35470.0,35730.0,34040.0,34750.0,99552.99144909
2024-10-06 09:00:00,34760.0,36470.0,34510.0,36270.0,151450.47013786
2024-10-07 09:00:00,36210.0,37130.0,35800.0,35860.0,214848.06147491
2024-10-08 09:00:00,35860.0,36690.0,35310.0,35720.0,124659.2831819
2024-10-09 09:00:00,35690.0,36110.0,34780.0,35030.0,93487.82143983
2024-10-10 09:00:00,35000.0,35750.0,34310.0,35250.0,115450.89783134
2024-10-11 09:00:00,35210.0,37200.0,34980.0,37080.0,104718.64462091
2024-10-12 09:00:00,37050.0,39460.0,37000.0,38600.0,287349.24101018
2024-10-13 09:00:00,38550.0,39630.0,38310.0,39250.0,252486.87519069
2024-10-14 09:00:00,39250.0,40170.0,38680.0,39020.0,321162.79102195
2024-10-15 09:00:00,39020.0,39900.0,37380.0,38160.0,316217.32401688
2024-10-16 09:00:00,38150.0,38200.0,37000.0,38020.0,242090.13787596
2024-10-17 09:00:00,38010.0,38290.0,36700.0,37180.0,161220.83312498
2024-10-18 09:00:00,37180.0,38370.0,36860.0,38310.0,129231.31961009
2024-10-19 09:00:00,38320.0,38740.0,37880.0,38350.0,106645.42256511
2024-10-20 09:00:00,38350.0,39440.0,37910.0,39390.0,148394.47717714
2024-10-21 09:00:00,39350.0,39820.0,37550.0,38020.0,186896.98395582
2024-10-22 09:00:00,38000.0,38720.0,37440.0,38120.0,184865.66090942
2024-10-23 09:00:00,38120.0,38190.0,36010.0,37100.0,181123.42615543
2024-10-24 09:00:00,37100.0,37670.0,36520.0,37070.0,140492.65085698
2024-10-25 09:00:00,37020.0,37100.0,34000.0,35130.0,210110.38909216
2024-10-26 09:00:00,35070.0,35990.0,34580.0,35610.0,103404.39978576
2024-10-27 09:00:00,35560.0,36230.0,35390.0,35910.0,66131.92949395
2024-10-28 09:00:00,35900.0,36920.0,35030.0,36600.0,158579.63909448
2024-10-29 09:00:00,36550.0,37710.0,36470.0,37460.0,223587.30813922
2024-10-30 09:00:00,37430.0,37480.0,36090.0,36430.0,178390.25150752
2024-10-31 09:00:00,36420.0,36480.0,34520.0,34940.0,194135.06380594
2024-11-01 09:00:00,34890.0,35820.0,34000.0,34740.0,168317.91526404
2024-11-02 09:00:00,34730.0,35070.0,33630.0,33850.0,90389.09968708
2024-11-03 09:00:00,33850.0,33940.0,31500.0,32830.0,214180.12894118
2024-11-04 09:00:00,32800.0,33340.0,31130.0,31610.0,158898.56923126
2024-11-05 09:00:00,31620.0,34020.0,31450.0,33310.0,156320.37024001
2024-11-06 09:00:00,33270.0,37480.0,33240.0,37190.0,392680.47871007
2024-11-07 09:00:00,37190.0,38600.0,36620.0,37630.0,291211.92001506
2024-11-08 09:00:00,37600.0,40170.0,37440.0,40160.0,394574.81667039
2024-11-09 09:00:00,40160.0,42200.0,39850.0,42070.0,463212.5076622
2024-11-10 09:00:00,42070.0,45500.0,41250.0,44270.0,741585.85184164
2024-11-11 09:00:00,44260.0,50150.0,42610.0,49980.0,874268.20518759
2024-11-12 09:00:00,50000.0,53500.0,46200.0,48300.0,1093116.3681484
2024-11-13 09:00:00,48300.0,50100.0,44520.0,46900.0,702731.79192269
2024-11-14 09:00:00,46910.0,49260.0,43120.0,44140.0,504318.87296522
2024-11-15 09:00:00,44190.0,46830.0,43500.0,46650.0,420246.48301499
2024-11-16 09:00:00,46610.0,50000.0,46230.0,49330.0,641877.38932043
2024-11-17 09:00:00,49330.0,52330.0,46400.0,48940.0,1283440.74997441
2024-11-18 09:00:00,48940.0,50500.0,48070.0,49940.0,688742.58094003
2024-11-19 09:00:00,49950.0,49950.0,47310.0,48160.0,404078.75066054
2024-11-20 09:00:00,48120.0,50120.0,46110.0,47490.0,498199.43519944
2024-11-21 09:00:00,47470.0,50490.0,45940.0,49930.0,744499.80341788
2024-11-22 09:00:00,50000.0,60610.0,49300.0,59730.0,1917493.6867475
2024-11-23 09:00:00,59730.0,62900.0,56690.0,57840.0,1797081.09991096
2024-11-24 09:00:00,57900.0,59910.0,52500.0,58500.0,1275628.21890554
2024-11-25 09:00:00,58550.0,66270.0,55150.0,57690.0,2162065.93754932
2024-11-26 09:00:00,57670.0,60860.0,53580.0,59920.0,1207714.71662117
2024-11-27 09:00:00,59810.0,61740.0,58430.0,60850.0,858829.60042073
2024-11-28 09:00:00,60850.0,61350.0,58320.0,59530.0,584926.9805074
2024-11-29 09:00:00,59580.0,62270.0,59120.0,61900.0,530794.35015255
2024-11-30 09:00:00,61900.0,64190.0,60750.0,62120.0,609216.90583684
2024-12-01 09:00:00,62150.0,63590.0,61010.0,62000.0,572127.81367876
2024-12-02 09:00:00,62000.0,73200.0,61980.0,72720.0,4297315.5863488
2024-12-03 09:00:00,72810.0,76350.0,43460.0,71010.0,2827468.78544205
2024-12-04 09:00:00,71010.0,78650.0,70940.0,74290.0,1508751.1170732
2024-12-05 09:00:00,74290.0,75120.0,69480.0,71260.0,999742.4231204
2024-12-06 09:00:00,71260.0,75060.0,69000.0,73300.0,721662.11959362
2024-12-07 09:00:00,73300.0,73750.0,70920.0,71890.0,331471.74520945
2024-12-08 09:00:00,71890.0,75970.0,70730.0,75250.0,486603.46206533
2024-12-09 09:00:00,75250.0,75840.0,59000.0,64330.0,1225028.55749896
2024-12-10 09:00:00,64330.0,66390.0,59760.0,63820.0,1084059.5933631
2024-12-11 09:00:00,63790.0,68660.0,60900.0,68600.0,614851.84622453
2024-12-12 09:00:00,68600.0,78500.0,68380.0,75960.0,1520479.3249497
2024-12-13 09:00:00,75960.0,78370.0,72410.0,75230.0,836748.05378876
2024-12-14 09:00:00,75130.0,76740.0,71300.0,71750.0,572938.19696234
2024-12-15 09:00:00,71830.0,73460.0,69260.0,72630.0,490243.34392626
2024-12-16 09:00:00,72630.0,74400.0,70220.0,70890.0,526097.95045148
2024-12-17 09:00:00,70890.0,73370.0,69360.0,69960.0,495274.00404378
2024-12-18 09:00:00,69980.0,70470.0,62800.0,63140.0,584418.50089075
2024-12-19 09:00:00,63110.0,65110.0,57000.0,58780.0,846191.54733711
2024-12-20 09:00:00,58800.0,60820.0,51270.0,60330.0,993901.64195498
2024-12-21 09:00:00,60330.0,63540.0,56280.0,56880.0,505948.94433798
2024-12-22 09:00:00,56940.0,58290.0,54400.0,55680.0,311554.16959152
2024-12-23 09:00:00,55680.0,59880.0,54100.0,58910.0,422072.63602887
2024-12-24 09:00:00,58910.0,62870.0,56810.0,61290.0,416896.92547186
2024-12-25 09:00:00,61290.0,62600.0,59490.0,59990.0,268743.39823627
2024-12-26 09:00:00,59990.0,60720.0,55830.0,56210.0,273084.6708511
2024-12-27 09:00:00,56200.0,58390.0,54840.0,55140.0,246118.94970116
2024-12-28 09:00:00,55080.0,56990.0,54610.0,56360.0,141492.62639545
2024-12-29 09:00:00,56340.0,56490.0,52900.0,53520.0,161129.21713871
2024-12-30 09:00:00,53520.0,55050.0,51880.0,53520.0,201943.7539332
2024-12-31 09:00:00,53470.0,55520.0,51640.0,53280.0,203792.62515098
2025-01-01 09:00:00,53290.0,56650.0,52340.0,56420.0,143962.02091435
2025-01-02 09:00:00,56420.0,60240.0,56420.0,58270.0,262386.09889662
2025-01-03 09:00:00,58270.0,62260.0,57470.0,61730.0,319825.17869219
2025-01-04 09:00:00,61730.0,63190.0,60480.0,62780.0,216988.62679556
2025-01-05 09:00:00,62750.0,63500.0,60870.0,63460.0,176061.14386506
2025-01-06 09:00:00,63460.0,65950.0,61950.0,64740.0,252446.81088844
2025-01-07 09:00:00,64700.0,65450.0,58540.0,58560.0,317290.62251175
2025-01-08 09:00:00,58650.0,59640.0,55030.0,56040.0,315905.45702444
2025-01-09 09:00:00,56130.0,56770.0,53920.0,54680.0,238099.40864186
2025-01-10 09:00:00,54680.0,57160.0,54550.0,55250.0,224973.03199118
2025-01-11 09:00:00,55220.0,56550.0,54350.0,55630.0,130570.55472683
2025-01-12 09:00:00,55620.0,56480.0,54450.0,54960.0,109520.23167266
2025-01-13 09:00:00,54960.0,55990.0,50500.0,53150.0,297636.16888369
2025-01-14 09:00:00,53060.0,54540.0,52550.0,54370.0,140966.8802162
2025-01-15 09:00:00,54380.0,58570.0,53770.0,58400.0,366213.04486248
2025-01-16 09:00:00,58400.0,59550.0,56550.0,58750.0,337073.24328051
2025-01-17 09:00:00,58850.0,61340.0,58850.0,60590.0,264229.69582618
2025-01-18 09:00:00,60570.0,61450.0,57510.0,58500.0,345769.91306717
2025-01-19 09:00:00,58520.0,60280.0,53320.0,54440.0,690223.18276053
2025-01-20 09:00:00,54440.0,59800.0,52830.0,53990.0,591843.03943932
2025-01-21 09:00:00,53960.0,55560.0,52140.0,54900.0,304475.40050396
2025-01-22 09:00:00,54860.0,56080.0,54430.0,54940.0,203919.10807201
2025-01-23 09:00:00,54940.0,55150.0,52070.0,53100.0,245037.95710626
2025-01-24 09:00:00,53100.0,54680.0,51800.0,53030.0,244620.3708945
2025-01-25 09:00:00,53030.0,55700.0,52560.0,54940.0,153968.09072961
2025-01-26 09:00:00,54940.0,57220.0,54390.0,54490.0,219355.4529111
2025-01-27 09:00:00,54470.0,54890.0,50770.0,51960.0,424319.73539733
2025-01-28 09:00:00,51960.0,52390.0,49160.0,49480.0,270791.03361639
2025-01-29 09:00:00,49480.0,51500.0,49200.0,50320.0,204890.6082346
2025-01-30 09:00:00,50300.0,52420.0,49880.0,51730.0,179572.76286544
2025-01-31 09:00:00,51730.0,54520.0,51350.0,52550.0,204399.50548922
2025-02-01 09:00:00,52560.0,53610.0,49730.0,50250.0,149266.95639106
2025-02-02 09:00:00,50260.0,50770.0,41830.0,43610.0,499783.93345536
2025-02-03 09:00:00,43620.0,45350.0,37000.0,44390.0,863781.16285147
2025-02-04 09:00:00,44420.0,44900.0,40000.0,41680.0,369711.73833082
2025-02-05 09:00:00,41670.0,42810.0,40230.0,40510.0,234459.22521748
2025-02-06 09:00:00,40510.0,41700.0,38110.0,38420.0,201901.81003674
2025-02-07 09:00:00,38450.0,40280.0,36900.0,37900.0,237801.93689311
2025-02-08 09:00:00,37900.0,38480.0,36970.0,37930.0,152111.11084573
2025-02-09 09:00:00,37940.0,39100.0,36570.0,38070.0,178293.03866479
2025-02-10 09:00:00,38070.0,39300.0,36550.0,38980.0,191642.75134377
2025-02-11 09:00:00,38920.0,40760.0,38060.0,38740.0,190748.54015223
2025-02-12 09:00:00,38740.0,40850.0,37100.0,40050.0,214657.55338821
2025-02-13 09:00:00,40050.0,40250.0,38100.0,38350.0,190476.68904083
2025-02-14 09:00:00,38350.0,40820.0,38160.0,39620.0,178864.6211988
2025-02-15 09:00:00,39620.0,40590.0,38390.0,38510.0,107139.03050658
2025-02-16 09:00:00,38580.0,38650.0,37400.0,37680.0,142288.99344761
2025-02-17 09:00:00,37660.0,39030.0,37000.0,37790.0,187495.9569761
2025-02-18 09:00:00,37730.0,37890.0,34620.0,35370.0,329747.79274897
2025-02-19 09:00:00,35370.0,35900.0,34460.0,35510.0,213073.20377913
2025-02-20 09:00:00,35500.0,37470.0,35350.0,37300.0,190383.05134947
2025-02-21 09:00:00,37280.0,38990.0,35350.0,36460.0,294033.30411521
2025-02-22 09:00:00,36460.0,38820.0,36250.0,38060.0,146351.09737788
2025-02-23 09:00:00,38060.0,38330.0,35860.0,36480.0,162210.40814085
2025-02-24 09:00:00,36480.0,36880.0,31230.0,31580.0,492572.16351245
2025-02-25 09:00:00,31640.0,32580.0,29360.0,32050.0,609900.56415962
2025-02-26 09:00:00,32050.0,32720.0,30780.0,31930.0,250012.94631373
2025-02-27 09:00:00,31930.0,34130.0,31450.0,33080.0,248020.32254078
2025-02-28 09:00:00,33070.0,33200.0,30080.0,33020.0,417336.22592008
2025-03-01 09:00:00,33020.0,33420.0,31310.0,32610.0,194040.60631259
2025-03-02 09:00:00,32610.0,37750.0,32210.0,37720.0,437397.52528299
2025-03-03 09:00:00,37670.0,37800.0,31000.0,31580.0,384482.56756701
2025-03-04 09:00:00,31580.0,31960.0,28630.0,29910.0,446948.24397777
2025-03-05 09:00:00,29910.0,33540.0,29330.0,32330.0,441251.97272156
2025-03-06 09:00:00,32330.0,33480.0,31200.0,31220.0,385540.32550587
2025-03-07 09:00:00,31210.0,31750.0,29590.0,30030.0,363077.19369298
2025-03-08 09:00:00,30070.0,31510.0,29000.0,30600.0,265098.1062655
2025-03-09 09:00:00,30560.0,30840.0,26590.0,26960.0,321013.48047634
2025-03-10 09:00:00,26950.0,28320.0,24220.0,24350.0,468937.99696546
2025-03-11 09:00:00,24350.0,26620.0,22940.0,25980.0,445908.83800216
2025-03-12 09:00:00,25960.0,28130.0,25150.0,27990.0,322388.72680911
2025-03-13 09:00:00,27970.0,28550.0,26350.0,27450.0,264870.57757486
2025-03-14 09:00:00,27460.0,28410.0,27280.0,27380.0,269531.59685169
2025-03-15 09:00:00,27390.0,28620.0,27100.0,28530.0,265496.44031049
2025-03-16 09:00:00,28500.0,29200.0,26750.0,26930.0,268483.24035111
2025-03-17 09:00:00,26960.0,27880.0,26700.0,27520.0,184580.1955902
2025-03-18 09:00:00,27520.0,28250.0,26980.0,27830.0,227177.60794164
2025-03-19 09:00:00,27830.0,29440.0,27600.0,28980.0,272958.03053206
2025-03-20 09:00:00,28920.0,29150.0,27270.0,27660.0,234138.02049541
2025-03-21 09:00:00,27660.0,28780.0,27210.0,28380.0,195518.96949983
2025-03-22 09:00:00,28370.0,29240.0,28210.0,28800.0,119306.77352061
2025-03-23 09:00:00,28800.0,29290.0,28600.0,29230.0,137913.08724242
2025-03-24 09:00:00,29270.0,32650.0,29180.0,31580.0,658224.67252813
2025-03-25 09:00:00,31580.0,34510.0,31460.0,33760.0,521003.85230548
2025-03-26 09:00:00,33750.0,34270.0,32270.0,32630.0,326455.89717462
2025-03-27 09:00:00,32630.0,33060.0,32000.0,32490.0,188640.63628631
2025-03-28 09:00:00,32460.0,32840.0,29500.0,30360.0,303859.88366504
2025-03-29 09:00:00,30360.0,30610.0,29090.0,29290.0,198029.63153879
2025-03-30 09:00:00,29250.0,29820.0,28010.0,28150.0,193074.79407841
2025-03-31 09:00:00,28210.0,28490.0,27140.0,28030.0,163827.17506701
2025-04-01 09:00:00,28070.0,29600.0,27830.0,29400.0,204346.29685374
2025-04-02 09:00:00,29480.0,29510.0,26430.0,26800.0,310467.12137617
2025-04-03 09:00:00,26770.0,28180.0,26190.0,26880.0,277131.38427325
2025-04-04 09:00:00,26930.0,27670.0,26110.0,26730.0,274692.49698593
2025-04-05 09:00:00,26740.0,27060.0,26230.0,26450.0,116081.28504302
2025-04-06 09:00:00,26400.0,26450.0,23430.0,24020.0,376449.43413936
2025-04-07 09:00:00,24040.0,25570.0,22000.0,24950.0,514062.55583962
2025-04-08 09:00:00,24950.0,26490.0,23890.0,24210.0,290923.12839295
2025-04-09 09:00:00,24210.0,27840.0,23410.0,27070.0,332682.9981932
2025-04-10 09:00:00,27070.0,27300.0,26080.0,27150.0,216874.05509371
2025-04-11 09:00:00,27150.0,28630.0,27010.0,27870.0,213410.19465759
2025-04-12 09:00:00,27870.0,30450.0,27420.0,29660.0,240452.30447363
2025-04-13 09:00:00,29680.0,29950.0,28100.0,28490.0,193410.71622886
2025-04-14 09:00:00,28500.0,29930.0,28430.0,29210.0,209960.99481447
2025-04-15 09:00:00,29220.0,29360.0,27700.0,27770.0,184286.19738638
2025-04-16 09:00:00,27770.0,27950.0,26910.0,27190.0,170121.3449775
2025-04-17 09:00:00,27200.0,28260.0,27110.0,27500.0,152987.59702674
2025-04-18 09:00:00,27520.0,27990.0,27320.0,27580.0,98585.99410715
2025-04-19 09:00:00,27630.0,29350.0,27560.0,28710.0,109156.65596221
2025-04-20 09:00:00,28710.0,28920.0,27830.0,28130.0,108098.45710463
2025-04-21 09:00:00,28130.0,30000.0,28110.0,28710.0,230725.78140738
2025-04-22 09:00:00,28710.0,31920.0,28010.0,31680.0,317988.09578795
2025-04-23 09:00:00,31700.0,33100.0,31300.0,32010.0,342852.51708873
2025-04-24 09:00:00,32040.0,32550.0,31130.0,32080.0,202880.78058861
2025-04-25 09:00:00,32080.0,32950.0,31410.0,31990.0,264328.33938443
2025-04-26 09:00:00,32030.0,33150.0,31340.0,32300.0,196037.34039178
2025-04-27 09:00:00,32360.0,32890.0,31270.0,31320.0,176812.94415402
2025-04-28 09:00:00,31330.0,32280.0,30310.0,31500.0,220360.4567764
2025-04-29 09:00:00,31510.0,32120.0,30810.0,31210.0,160876.38697326
2025-04-30 09:00:00,31190.0,31590.0,29430.0,30250.0,209383.30050476
2025-05-01 09:00:00,30260.0,31500.0,30030.0,31210.0,219859.16465649
2025-05-02 09:00:00,31210.0,32000.0,30010.0,30370.0,228402.78000635
2025-05-03 09:00:00,30430.0,30460.0,29400.0,29480.0,117718.61119506
2025-05-04 09:00:00,29460.0,29630.0,28460.0,28660.0,157542.76690328
2025-05-05 09:00:00,28610.0,28920.0,27530.0,28050.0,173495.15214615
2025-05-06 09:00:00,28050.0,28750.0,27460.0,28420.0,189743.43819997
2025-05-07 09:00:00,28410.0,28750.0,27150.0,27760.0,243125.75595768
2025-05-08 09:00:00,27760.0,31070.0,27640.0,31060.0,321102.69380025
2025-05-09 09:00:00,31060.0,33430.0,30700.0,32490.0,369214.67839366
2025-05-10 09:00:00,32490.0,35990.0,32140.0,35680.0,368487.9456247
2025-05-11 09:00:00,35690.0,36000.0,33810.0,34630.0,215828.95705113
2025-05-12 09:00:00,34630.0,37270.0,33600.0,35050.0,359770.6688497
2025-05-13 09:00:00,35050.0,36600.0,33230.0,36040.0,231996.40318765
2025-05-14 09:00:00,36030.0,37360.0,34950.0,35180.0,451781.36855309
2025-05-15 09:00:00,35200.0,35410.0,32310.0,33070.0,378034.62932427
2025-05-16 09:00:00,33100.0,33870.0,32150.0,32680.0,228855.73604277
2025-05-17 09:00:00,32680.0,33000.0,31330.0,31570.0,138827.53385986
2025-05-18 09:00:00,31550.0,33720.0,30840.0,32600.0,212353.07417501
2025-05-19 09:00:00,32530.0,32750.0,30330.0,31380.0,287755.20198736
2025-05-20 09:00:00,31390.0,32090.0,30800.0,31820.0,166772.38789517
2025-05-21 09:00:00,31840.0,32980.0,31200.0,32270.0,229786.62319104
2025-05-22 09:00:00,32260.0,35300.0,32150.0,35040.0,429764.42028298
2025-05-23 09:00:00,35060.0,35930.0,32080.0,32280.0,424161.94299191
2025-05-24 09:00:00,32230.0,32780.0,31840.0,32090.0,186865.09651125
2025-05-25 09:00:00,32120.0,32820.0,30940.0,32720.0,180211.29452468
2025-05-26 09:00:00,32710.0,33270.0,31860.0,32080.0,165791.16225584
2025-05-27 09:00:00,32090.0,33070.0,31200.0,32410.0,250813.62416681
2025-05-28 09:00:00,32470.0,32970.0,31870.0,32900.0,170550.26793744
2025-05-29 09:00:00,32900.0,33860.0,30960.0,31050.0,270478.4002291
2025-05-30 09:00:00,31060.0,31180.0,28900.0,29090.0,295524.76440779
2025-05-31 09:00:00,29050.0,29890.0,28070.0,29420.0,236335.97135172
2025-06-01 09:00:00,29420.0,29640.0,28610.0,29490.0,111200.8237923
2025-06-02 09:00:00,29490.0,29830.0,28500.0,29630.0,129094.40501023
2025-06-03 09:00:00,29630.0,30290.0,29220.0,29550.0,113122.04830867
2025-06-04 09:00:00,29550.0,30140.0,27870.0,27920.0,170845.59017793
2025-06-05 09:00:00,27890.0,28390.0,25760.0,26200.0,314461.55959881
2025-06-06 09:00:00,26200.0,27690.0,26000.0,27330.0,136527.31831517
2025-06-07 09:00:00,27330.0,29300.0,27220.0,28680.0,146367.80506998
2025-06-08 09:00:00,28670.0,29620.0,27840.0,29040.0,121817.65112317
2025-06-09 09:00:00,29030.0,30070.0,27850.0,29930.0,222306.78409608
2025-06-10 09:00:00,29930.0,30870.0,29500.0,30860.0,231790.86297227
2025-06-11 09:00:00,30860.0,31240.0,29390.0,29730.0,207703.85521074
2025-06-12 09:00:00,29720.0,29770.0,27650.0,27980.0,188111.86504777
2025-06-13 09:00:00,27970.0,28020.0,25750.0,26980.0,383329.37040311
2025-06-14 09:00:00,26980.0,27030.0,26020.0,26340.0,104035.06651396
2025-06-15 09:00:00,26330.0,26770.0,26040.0,26420.0,165638.03114158
2025-06-16 09:00:00,26420.0,27420.0,26100.0,26110.0,226099.03950853
2025-06-17 09:00:00,26180.0,26770.0,25180.0,25880.0,219082.78247594
2025-06-18 09:00:00,25880.0,26190.0,25110.0,25210.0,170964.88918817
2025-06-19 09:00:00,25210.0,25490.0,24530.0,25000.0,211123.77955502
2025-06-20 09:00:00,25000.0,25440.0,23700.0,24220.0,245553.27538893
2025-06-21 09:00:00,24220.0,24600.0,23020.0,23530.0,250681.55895609
2025-06-22 09:00:00,23530.0,23950.0,21840.0,23020.0,401918.47401099
2025-06-23 09:00:00,23080.0,25230.0,22750.0,25050.0,296390.79347842
2025-06-24 09:00:00,25090.0,25520.0,24680.0,25070.0,226849.63718032
2025-06-25 09:00:00,25040.0,25200.0,23960.0,24170.0,191023.05121838
2025-06-26 09:00:00,24160.0,24690.0,23500.0,23680.0,146126.95367771
2025-06-27 09:00:00,23680.0,24390.0,23360.0,24100.0,93808.38770672
2025-06-28 09:00:00,24140.0,24760.0,24040.0,24660.0,81535.55466707
2025-06-29 09:00:00,24660.0,25820.0,24420.0,25560.0,126046.40263001
2025-06-30 09:00:00,25600.0,25790.0,24080.0,24460.0,148595.59864245
2025-07-01 09:00:00,24450.0,24530.0,23300.0,23490.0,169858.85325183
2025-07-02 09:00:00,23500.0,25530.0,23260.0,25050.0,204898.29799049
2025-07-03 09:00:00,25060.0,25980.0,24980.0,25210.0,182836.43029056
2025-07-04 09:00:00,25170.0,25680.0,23990.0,24340.0,167595.92895189
2025-07-05 09:00:00,24340.0,24630.0,24170.0,24510.0,87968.61601569
2025-07-06 09:00:00,24550.0,25300.0,24270.0,24900.0,85048.54353063
2025-07-07 09:00:00,24910.0,25300.0,24370.0,24660.0,119630.47106525
2025-07-08 09:00:00,24640.0,25120.0,24200.0,24980.0,95567.53978902
2025-07-09 09:00:00,24980.0,26590.0,24710.0,26450.0,235997.93197085
2025-07-10 09:00:00,26440.0,28030.0,26250.0,27900.0,289411.26137396
2025-07-11 09:00:00,27900.0,29040.0,27240.0,27860.0,402268.58948323
2025-07-12 09:00:00,27830.0,28520.0,27380.0,28090.0,214883.04866132
2025-07-13 09:00:00,28100.0,29390.0,28100.0,28810.0,311721.91882582
2025-07-14 09:00:00,28810.0,29990.0,28730.0,29090.0,428054.337064
2025-07-15 09:00:00,29090.0,30790.0,27800.0,30730.0,419727.15820088
2025-07-16 09:00:00,30730.0,31250.0,29700.0,30790.0,545399.83352566
2025-07-17 09:00:00,30790.0,33020.0,30150.0,32570.0,646568.69783998
2025-07-18 09:00:00,32580.0,34000.0,31610.0,32120.0,789285.55211061
2025-07-19 09:00:00,32140.0,34530.0,31470.0,33560.0,391058.54756701
2025-07-20 09:00:00,33570.0,34690.0,33320.0,34190.0,372459.25946138
2025-07-21 09:00:00,34190.0,35870.0,33620.0,34720.0,472008.51677471
2025-07-22 09:00:00,34720.0,35550.0,33640.0,35050.0,738454.98888447
2025-07-23 09:00:00,35050.0,35400.0,31530.0,32700.0,582089.56158443
2025-07-24 09:00:00,32650.0,33270.0,30520.0,32180.0,382291.56961773
2025-07-25 09:00:00,32190.0,32810.0,31320.0,32730.0,229119.44462801
2025-07-26 09:00:00,32730.0,35100.0,32490.0,34050.0,194486.15065042
2025-07-27 09:00:00,34050.0,35940.0,33810.0,35520.0,234615.25353744
2025-07-28 09:00:00,35520.0,37400.0,34460.0,34680.0,581113.37828107
2025-07-29 09:00:00,34680.0,35060.0,33050.0,33710.0,307873.92719889
2025-07-30 09:00:00,33720.0,33810.0,31310.0,32250.0,299919.32023211
2025-07-31 09:00:00,32280.0,33250.0,31280.0,31350.0,219324.88859427
2025-08-01 09:00:00,31330.0,31490.0,29510.0,30000.0,328645.13459491
2025-08-02 09:00:00,29990.0,30460.0,28910.0,29160.0,161217.19116224
2025-08-03 09:00:00,29160.0,30200.0,28800.0,29980.0,127545.63489942
2025-08-04 09:00:00,29980.0,32190.0,29920.0,32180.0,208222.15589234
2025-08-05 09:00:00,32180.0,32310.0,30120.0,30730.0,214778.79835884
2025-08-06 09:00:00,30750.0,31230.0,30160.0,30950.0,135464.94120717
2025-08-07 09:00:00,30940.0,32180.0,30640.0,32150.0,240196.13659664
2025-08-08 09:00:00,32140.0,32760.0,31690.0,32650.0,276478.29770348
2025-08-09 09:00:00,32660.0,34010.0,32580.0,33370.0,390494.41001628
2025-08-10 09:00:00,33360.0,33780.0,31880.0,32750.0,364037.84806852
2025-08-11 09:00:00,32750.0,33610.0,31320.0,31530.0,349719.95390922
2025-08-12 09:00:00,31570.0,34000.0,31420.0,33770.0,336866.43143147
2025-08-13 09:00:00,33770.0,35000.0,33390.0,34740.0,526512.38306884
2025-08-14 09:00:00,34740.0,35400.0,32040.0,32970.0,780916.77168444
2025-08-15 09:00:00,32970.0,35590.0,32780.0,33280.0,1069630.40102855
2025-08-16 09:00:00,33280.0,33770.0,32680.0,33770.0,333798.42530576
2025-08-17 09:00:00,33750.0,35520.0,33390.0,34820.0,483554.32901175
2025-08-18 09:00:00,34860.0,35230.0,32610.0,32960.0,601343.49803847
2025-08-19 09:00:00,32960.0,33430.0,31100.0,31170.0,420221.00517484
2025-08-20 09:00:00,31170.0,32800.0,31120.0,32620.0,272655.51276112
2025-08-21 09:00:00,32640.0,32890.0,31880.0,31920.0,212113.7219969
2025-08-22 09:00:00,31970.0,34970.0,31140.0,34820.0,579375.27733026
2025-08-23 09:00:00,34820.0,37050.0,33770.0,36290.0,927474.60820843
2025-08-24 09:00:00,36290.0,36650.0,34600.0,35910.0,576586.02031834
2025-08-25 09:00:00,35880.0,36110.0,32660.0,33090.0,600405.20631375
2025-08-26 09:00:00,33090.0,34050.0,32640.0,33900.0,362381.97594607
2025-08-27 09:00:00,33900.0,35380.0,33420.0,34130.0,552727.46573176
2025-08-28 09:00:00,34130.0,34950.0,33750.0,34720.0,645868.34223615
2025-08-29 09:00:00,34750.0,35150.0,32590.0,33090.0,713298.4375678
2025-08-30 09:00:00,33090.0,33400.0,32180.0,33190.0,252805.05998577
2025-08-31 09:00:00,33140.0,33680.0,32530.0,32570.0,254739.72150721
2025-09-01 09:00:00,32580.0,33780.0,31690.0,32380.0,451091.80304045
2025-09-02 09:00:00,32380.0,34150.0,32120.0,34100.0,358452.74105786
2025-09-03 09:00:00,34100.0,35970.0,33800.0,34930.0,502704.53546062
2025-09-04 09:00:00,34930.0,35160.0,33960.0,34000.0,273372.73180549
2025-09-05 09:00:00,33990.0,35000.0,33490.0,34300.0,309696.21890416
2025-09-06 09:00:00,34270.0,34540.0,33750.0,34170.0,109645.48092073
2025-09-07 09:00:00,34120.0,34750.0,33950.0,34420.0,153544.91285188
2025-09-08 09:00:00,34450.0,35780.0,34260.0,35170.0,256312.64040744
2025-09-09 09:00:00,35210.0,36570.0,34710.0,36170.0,438763.54924244
2025-09-10 09:00:00,36170.0,41080.0,35900.0,41020.0,1702597.34691076
2025-09-11 09:00:00,41020.0,41730.0,39580.0,40520.0,844562.71116954
2025-09-12 09:00:00,40520.0,40860.0,39330.0,40250.0,659768.08858584
2025-09-13 09:00:00,40250.0,43340.0,39860.0,41670.0,1672212.73233047
2025-09-14 09:00:00,41650.0,42420.0,40200.0,40960.0,644373.1938506
2025-09-15 09:00:00,40950.0,42420.0,39310.0,41570.0,727544.04337919
2025-09-16 09:00:00,41580.0,43160.0,40610.0,41760.0,755253.69854388
2025-09-17 09:00:00,41770.0,44400.0,41010.0,44040.0,722015.22103107
2025-09-18 09:00:00,44090.0,49130.0,43900.0,48850.0,1416829.45401342
2025-09-19 09:00:00,48850.0,49750.0,46780.0,47350.0,991366.52261524
2025-09-20 09:00:00,47340.0,47910.0,46080.0,46510.0,370597.48628025
2025-09-21 09:00:00,46550.0,47160.0,45570.0,46290.0,335619.76104432
2025-09-22 09:00:00,46290.0,48530.0,42420.0,48390.0,1050703.4294384
2025-09-23 09:00:00,48390.0,51450.0,46590.0,47850.0,1785179.00804645
2025-09-24 09:00:00,47920.0,49650.0,45750.0,45850.0,787731.34418686
2025-09-25 09:00:00,45850.0,46640.0,41460.0,41610.0,920360.41281515
2025-09-26 09:00:00,41590.0,42530.0,39450.0,42020.0,860347.37787628
2025-09-27 09:00:00,41960.0,41970.0,40600.0,41420.0,256947.79040223
2025-09-28 09:00:00,41420.0,43260.0,40270.0,42990.0,377821.04033368
2025-09-29 09:00:00,42980.0,43960.0,41750.0,43380.0,472753.60076494
2025-09-30 09:00:00,43370.0,43870.0,41360.0,42840.0,381834.43146053
2025-10-01 09:00:00,42810.0,44180.0,42270.0,43640.0,539852.82198377
2025-10-02 09:00:00,43670.0,44600.0,42090.0,43940.0,804770.22741329
2025-10-03 09:00:00,43930.0,44600.0,42560.0,44430.0,532464.57974757
2025-10-04 09:00:00,44440.0,44690.0,42730.0,43110.0,318875.51676298
2025-10-05 09:00:00,43110.0,44280.0,42530.0,43160.0,451441.71388435
2025-10-06 09:00:00,43100.0,44000.0,42970.0,43630.0,301043.68104812
2025-10-07 09:00:00,43600.0,43790.0,40340.0,40450.0,589473.13255473
2025-10-08 09:00:00,40450.0,42650.0,40360.0,41610.0,294523.75001371
2025-10-09 09:00:00,41580.0,41730.0,40680.0,41460.0,239715.87252821
2025-10-10 09:00:00,41480.0,41620.0,31400.0,33330.0,1097307.32333165
2025-10-11 09:00:00,33100.0,35500.0,31500.0,33110.0,886210.2167373
2025-10-12 09:00:00,33120.0,35050.0,31640.0,34030.0,1147496.08989452
2025-10-13 09:00:00,34020.0,35840.0,32810.0,35450.0,1130447.60925279
2025-10-14 09:00:00,35450.0,35680.0,33260.0,34230.0,753654.06474146
2025-10-15 09:00:00,34190.0,34860.0,32950.0,33350.0,376233.6926947
2025-10-16 09:00:00,33350.0,33820.0,31600.0,32060.0,380254.63138164
2025-10-17 09:00:00,32060.0,32440.0,29090.0,30700.0,749352.82413909
2025-10-18 09:00:00,30700.0,31100.0,30360.0,30840.0,211980.12261594
2025-10-19 09:00:00,30860.0,31560.0,29990.0,31230.0,209612.79802373
2025-10-20 09:00:00,31230.0,31900.0,30450.0,30520.0,576298.05456217
2025-10-21 09:00:00,30530.0,31070.0,29370.0,29440.0,636935.20963418
2025-10-22 09:00:00,29440.0,29760.0,28100.0,28780.0,437173.15669899
2025-10-23 09:00:00,28790.0,29600.0,28520.0,28810.0,227109.59020202
2025-10-24 09:00:00,28810.0,29790.0,28650.0,29100.0,267813.10506639
2025-10-25 09:00:00,29100.0,29380.0,28760.0,29310.0,195200.0630787
2025-10-26 09:00:00,29330.0,30990.0,28930.0,30820.0,349410.88229438
2025-10-27 09:00:00,30820.0,31150.0,29940.0,30080.0,373422.58969155
2025-10-28 09:00:00,30080.0,30350.0,28630.0,29040.0,358551.70012777
2025-10-29 09:00:00,29040.0,30110.0,28780.0,29360.0,296259.37443668
2025-10-30 09:00:00,29400.0,29780.0,26660.0,27490.0,536989.00823876
2025-10-31 09:00:00,27480.0,27770.0,26720.0,27250.0,263859.27103887
2025-11-01 09:00:00,27250.0,27910.0,27060.0,27880.0,173125.08680049
2025-11-02 09:00:00,27900.0,28210.0,27010.0,27930.0,172647.11582482
2025-11-03 09:00:00,27950.0,28040.0,24500.0,24810.0,754639.26764015
2025-11-04 09:00:00,24810.0,25480.0,22500.0,24070.0,782217.19626025
2025-11-05 09:00:00,24060.0,25350.0,22660.0,24900.0,564413.72787392
2025-11-06 09:00:00,24930.0,24930.0,23370.0,24070.0,269327.94702061
2025-11-07 09:00:00,24100.0,26890.0,24060.0,26420.0,568541.0440852
2025-11-08 09:00:00,26420.0,27470.0,25380.0,26080.0,410009.58901651
2025-11-09 09:00:00,26100.0,26600.0,25060.0,26380.0,292630.97891737
2025-11-10 09:00:00,26380.0,27140.0,26190.0,26930.0,390206.03288999
2025-11-11 09:00:00,26980.0,27550.0,25400.0,25470.0,319012.22855377
2025-11-12 09:00:00,25470.0,26480.0,25010.0,25380.0,234956.56115254
2025-11-13 09:00:00,25380.0,26450.0,24090.0,24450.0,363763.55477721
2025-11-14 09:00:00,24450.0,24480.0,22730.0,22970.0,524789.45141802
2025-11-15 09:00:00,22970.0,23780.0,22940.0,23460.0,197941.36845281
2025-11-16 09:00:00,23450.0,23790.0,22020.0,22540.0,309478.49641573
2025-11-17 09:00:00,22550.0,23590.0,21510.0,21730.0,461200.77444062
2025-11-18 09:00:00,21730.0,22130.0,20900.0,21640.0,553521.6726633
2025-11-19 09:00:00,21630.0,21790.0,20480.0,21280.0,382153.79648797
2025-11-20 09:00:00,21280.0,21640.0,20340.0,20680.0,380786.24717088
2025-11-21 09:00:00,20690.0,20900.0,19010.0,19990.0,609162.03300907
2025-11-22 09:00:00,20010.0,20100.0,19610.0,19900.0,182740.69502998
2025-11-23 09:00:00,19900.0,20460.0,19870.0,20150.0,319158.03429584
2025-11-24 09:00:00,20170.0,21050.0,19910.0,20840.0,367385.30669666
2025-11-25 09:00:00,20840.0,21500.0,20610.0,21190.0,293285.05991816
2025-11-26 09:00:00,21240.0,22330.0,20830.0,22330.0,220184.51817963
2025-11-27 09:00:00,22330.0,22620.0,22150.0,22390.0,201484.92382672
2025-11-28 09:00:00,22420.0,22840.0,22180.0,22240.0,150194.20591456
2025-11-29 09:00:00,22240.0,22310.0,21250.0,21330.0,136670.85545742
2025-11-30 09:00:00,21350.0,21480.0,20540.0,20660.0,207635.20393901
2025-12-01 09:00:00,20630.0,20640.0,18870.0,19140.0,366267.0871705
2025-12-02 09:00:00,19150.0,20490.0,19080.0,20250.0,386494.06199015
2025-12-03 09:00:00,20250.0,22380.0,20150.0,21940.0,388496.57286646
2025-12-04 09:00:00,21960.0,22110.0,21230.0,21510.0,217131.4157333
2025-12-05 09:00:00,21510.0,21680.0,19650.0,19790.0,268432.09219458
2025-12-06 09:00:00,19790.0,20160.0,19690.0,20080.0,166471.87924923
2025-12-07 09:00:00,20090.0,20640.0,19370.0,20210.0,217332.96149927
2025-12-08 09:00:00,20190.0,20670.0,20000.0,20350.0,189199.18967746
2025-12-09 09:00:00,20340.0,21790.0,20070.0,21580.0,268480.71620116
2025-12-10 09:00:00,21610.0,21980.0,20970.0,20980.0,221085.40476007
2025-12-11 09:00:00,20970.0,20980.0,19260.0,19950.0,481091.05291055
2025-12-12 09:00:00,19960.0,20480.0,19200.0,19590.0,348014.52865304
2025-12-13 09:00:00,19590.0,20080.0,19540.0,19940.0,123516.64856598
2025-12-14 09:00:00,19980.0,20000.0,19060.0,19260.0,191717.09983967
2025-12-15 09:00:00,19260.0,19840.0,18270.0,18470.0,312093.23272257
2025-12-16 09:00:00,18460.0,18470.0,17720.0,18370.0,341839.26535476
2025-12-17 09:00:00,18340.0,18790.0,17500.0,17700.0,273386.60837752
2025-12-18 09:00:00,17690.0,17730.0,17430.0,17460.0,50399.82287691
2025-12-19 09:00:00,17030.0,18520.0,16680.0,18240.0,255894.89479353
2025-12-20 09:00:00,18250.0,18450.0,18060.0,18170.0,135311.0222407
2025-12-21 09:00:00,18170.0,18360.0,17810.0,18080.0,131030.09569255
2025-12-22 09:00:00,18080.0,18550.0,17910.0,18510.0,197379.06276331
2025-12-23 09:00:00,18520.0,18720.0,17700.0,18190.0,179214.71154394
2025-12-24 09:00:00,18190.0,18190.0,17590.0,17860.0,163099.61619053
2025-12-25 09:00:00,17830.0,18440.0,17760.0,17790.0,126082.15084078
2025-12-26 09:00:00,17790.0,18440.0,17730.0,18110.0,154616.40799147
2025-12-27 09:00:00,18110.0,18660.0,18080.0,18540.0,85771.15268208
2025-12-28 09:00:00,18550.0,18850.0,18270.0,18390.0,103799.16403428
2025-12-29 09:00:00,18400.0,19090.0,18000.0,18040.0,181839.93606077
2025-12-30 09:00:00,18040.0,18330.0,17930.0,18270.0,88746.46109892
2025-12-31 09:00:00,18290.0,18440.0,17850.0,17980.0,104476.32935183
2026-01-01 09:00:00,18000.0,19870.0,17850.0,19680.0,199397.18201052
2026-01-02 09:00:00,19700.0,20190.0,19010.0,19970.0,351763.51988574
2026-01-03 09:00:00,19970.0,20810.0,19770.0,20220.0,318279.44125082
2026-01-04 09:00:00,20240.0,20960.0,20120.0,20590.0,208259.95892538
2026-01-05 09:00:00,20590.0,21300.0,20220.0,20950.0,403160.72548279
2026-01-06 09:00:00,20950.0,21470.0,20620.0,21210.0,347985.15436628
2026-01-07 09:00:00,21210.0,21240.0,20240.0,20550.0,200554.20379592
2026-01-08 09:00:00,20570.0,20780.0,19880.0,20300.0,168900.06079703
2026-01-09 09:00:00,20310.0,20850.0,20020.0,20320.0,136317.44179957
2026-01-10 09:00:00,20300.0,20550.0,20100.0,20280.0,82921.43313176
2026-01-11 09:00:00,20280.0,20590.0,19890.0,20160.0,100543.42752073
2026-01-12 09:00:00,20120.0,20900.0,19800.0,19950.0,190882.86005002
2026-01-13 09:00:00,19920.0,21700.0,19880.0,21590.0,206681.39737283
2026-01-14 09:00:00,21600.0,21850.0,21130.0,21400.0,193453.63077346
2026-01-15 09:00:00,21400.0,21430.0,20120.0,20350.0,190573.2195568
2026-01-16 09:00:00,20370.0,20460.0,19550.0,20080.0,186201.25716086
2026-01-17 09:00:00,20070.0,20580.0,19990.0,20310.0,132710.42111549
2026-01-18 09:00:00,20290.0,20420.0,19270.0,19290.0,138680.46858706
2026-01-19 09:00:00,19280.0,19280.0,18180.0,18850.0,241984.17680808
2026-01-20 09:00:00,18840.0,18910.0,17900.0,18040.0,213940.15204442
2026-01-21 09:00:00,18040.0,18820.0,17680.0,18370.0,212491.39737145
2026-01-22 09:00:00,18430.0,18700.0,17900.0,18080.0,134477.01013747
2026-01-23 09:00:00,18100.0,18460.0,17750.0,17880.0,143973.91346301
2026-01-24 09:00:00,17890.0,17960.0,17690.0,17750.0,78950.14406682
2026-01-25 09:00:00,17790.0,17840.0,16730.0,17050.0,260540.15142086
2026-01-26 09:00:00,17030.0,17410.0,16890.0,17170.0,172149.64930647
2026-01-27 09:00:00,17170.0,17710.0,16940.0,17610.0,191201.72012636
2026-01-28 09:00:00,17640.0,17780.0,17340.0,17450.0,117719.15739972
2026-01-29 09:00:00,17440.0,17480.0,15890.0,16210.0,342380.44283337
2026-01-30 09:00:00,16210.0,16310.0,15730.0,16180.0,259274.27284538
2026-01-31 09:00:00,16180.0,16180.0,13800.0,15100.0,547503.11399619
2026-02-01 09:00:00,15100.0,15230.0,14310.0,14620.0,406753.44095352
2026-02-02 09:00:00,14620.0,15290.0,14140.0,15060.0,314593.47663239
2026-02-03 09:00:00,15060.0,15310.0,14200.0,14670.0,210412.97016694
2026-02-04 09:00:00,14670.0,14980.0,14140.0,14330.0,171910.22158203
2026-02-05 09:00:00,14360.0,14520.0,12130.0,12280.0,539439.32278269
2026-02-06 09:00:00,12280.0,14020.0,11190.0,13800.0,528269.88745026
2026-02-07 09:00:00,13800.0,13910.0,13170.0,13660.0,193353.95485969
2026-02-08 09:00:00,13660.0,13810.0,13380.0,13480.0,108545.47249166
2026-02-09 09:00:00,13490.0,13630.0,12910.0,13360.0,144425.23013461
2026-02-10 09:00:00,13360.0,13470.0,12880.0,12990.0,82499.22827605
2026-02-11 09:00:00,13000.0,13290.0,12530.0,12750.0,277491.95054841
2026-02-12 09:00:00,12760.0,13140.0,12700.0,13070.0,186554.22119239
2026-02-13 09:00:00,13070.0,13540.0,12830.0,13390.0,189930.23950641
2026-02-14 09:00:00,13420.0,14270.0,13350.0,14130.0,221013.01613216
2026-02-15 09:00:00,14110.0,14380.0,13540.0,13770.0,242969.55408107
2026-02-16 09:00:00,13770.0,13940.0,13440.0,13720.0,103105.55584132
2026-02-17 09:00:00,13720.0,13760.0,13370.0,13540.0,68516.78104179
2026-02-18 09:00:00,13540.0,13600.0,13090.0,13130.0,202274.97125733
2026-02-19 09:00:00,13120.0,13240.0,12810.0,13150.0,132794.16534925
2026-02-20 09:00:00,13130.0,13800.0,13080.0,13490.0,221953.30506471
2026-02-21 09:00:00,13500.0,13900.0,13380.0,13410.0,125020.09958646
2026-02-22 09:00:00,13400.0,13400.0,12940.0,13070.0,93164.00515939
2026-02-23 09:00:00,13070.0,13080.0,12210.0,12330.0,240594.81434023
2026-02-24 09:00:00,12340.0,12430.0,12010.0,12140.0,178362.18217694
2026-02-25 09:00:00,12130.0,14140.0,12090.0,13690.0,483628.48130917
2026-02-26 09:00:00,13700.0,13880.0,13160.0,13430.0,181555.75399723
2026-02-27 09:00:00,13430.0,13690.0,12880.0,13090.0,133692.18391129
2026-02-28 09:00:00,13090.0,13500.0,12360.0,13340.0,164707.59204429
2026-03-01 09:00:00,13370.0,13690.0,12930.0,13160.0,126161.31376744
2026-03-02 09:00:00,13160.0,13830.0,13000.0,13400.0,203167.48761402
2026-03-03 09:00:00,13400.0,13750.0,13160.0,13490.0,193641.26368061
2026-03-04 09:00:00,13490.0,14170.0,13200.0,13760.0,313510.94708361
2026-03-05 09:00:00,13760.0,13990.0,13630.0,13730.0,189094.02121848
2026-03-06 09:00:00,13740.0,13860.0,13120.0,13340.0,148776.57484274
2026-03-07 09:00:00,13340.0,13400.0,13130.0,13190.0,53201.01682473
2026-03-08 09:00:00,13190.0,13340.0,12920.0,13080.0,87257.2521778
2026-03-09 09:00:00,13070.0,13960.0,13070.0,13600.0,117714.31103126
2026-03-10 09:00:00,13590.0,14460.0,13570.0,13960.0,173179.1431272
2026-03-11 09:00:00,13970.0,14410.0,13880.0,13970.0,96935.79460913
2026-03-12 09:00:00,13980.0,14250.0,13830.0,14180.0,94088.41140273
2026-03-13 09:00:00,14180.0,15030.0,14140.0,14300.0,214801.85369152
2026-03-14 09:00:00,14320.0,14430.0,14070.0,14350.0,96244.00327337
2026-03-15 09:00:00,14370.0,14740.0,14250.0,14590.0,140231.54125055
2026-03-16 09:00:00,14610.0,15450.0,14490.0,15430.0,402573.8316188
2026-03-17 09:00:00,15400.0,15550.0,15030.0,15030.0,152550.54196143
2026-03-18 09:00:00,15030.0,15290.0,14060.0,14410.0,292502.68494793
2026-03-19 09:00:00,14410.0,14490.0,13910.0,14080.0,162198.19243318
2026-03-20 09:00:00,14090.0,14420.0,14070.0,14290.0,87495.36412645
2026-03-21 09:00:00,14310.0,14430.0,13800.0,13880.0,135866.91947016
2026-03-22 09:00:00,13880.0,14030.0,13370.0,13560.0,126922.41791537
2026-03-23 09:00:00,13560.0,14500.0,13410.0,14190.0,208465.5900236
2026-03-24 09:00:00,14210.0,14370.0,13750.0,14350.0,160724.38468067
2026-03-25 09:00:00,14350.0,14600.0,14260.0,14450.0,120005.13271866
2026-03-26 09:00:00,14460.0,14490.0,13590.0,13740.0,119609.09638819
2026-03-27 09:00:00,13750.0,13800.0,13180.0,13380.0,161393.51199693
2026-03-28 09:00:00,13370.0,13600.0,13220.0,13280.0,89967.96080005
2026-03-29 09:00:00,13340.0,13360.0,12800.0,13080.0,99869.94586132
2026-03-30 09:00:00,13070.0,13730.0,13030.0,13390.0,140837.03727711
2026-03-31 09:00:00,13380.0,13770.0,13270.0,13480.0,174675.60130164
2026-04-01 09:00:00,13510.0,14240.0,13420.0,13840.0,215883.28626609
2026-04-02 09:00:00,13820.0,13890.0,13130.0,13330.0,216099.04859168
2026-04-03 09:00:00,13330.0,13850.0,13250.0,13550.0,129173.14390029
2026-04-04 09:00:00,13550.0,13800.0,13420.0,13610.0,102859.49029486
2026-04-05 09:00:00,13630.0,13730.0,13310.0,13700.0,97060.14453437
2026-04-06 09:00:00,13700.0,14540.0,13310.0,13440.0,448005.31244009
2026-04-07 09:00:00,13440.0,14320.0,12800.0,14040.0,486531.31738377
2026-04-08 09:00:00,14050.0,14150.0,13450.0,13470.0,245129.24639375
2026-04-09 09:00:00,13470.0,14330.0,13280.0,13900.0,187634.9703719
2026-04-10 09:00:00,13900.0,14160.0,13780.0,13930.0,163440.42496388
2026-04-11 09:00:00,13930.0,14240.0,13700.0,13910.0,109604.48623333
2026-04-12 09:00:00,13910.0,13950.0,13340.0,13490.0,137134.00532247
2026-04-13 09:00:00,13490.0,14280.0,13400.0,14220.0,218080.50199324
2026-04-14 09:00:00,14250.0,14300.0,13580.0,13760.0,260230.85925679
2026-04-15 09:00:00,13770.0,14100.0,13680.0,13940.0,140952.13214359
2026-04-16 09:00:00,13920.0,14570.0,13730.0,14350.0,297245.96413295
2026-04-17 09:00:00,14330.0,14670.0,13960.0,14340.0,357100.83704328
2026-04-18 09:00:00,14330.0,14440.0,13800.0,13870.0,254214.79133422
2026-04-19 09:00:00,13850.0,13910.0,13370.0,13410.0,224515.29846402
2026-04-20 09:00:00,13410.0,13940.0,13410.0,13750.0,141737.48643733
2026-04-21 09:00:00,13750.0,14080.0,13660.0,13920.0,156794.91276826
2026-04-22 09:00:00,13920.0,14260.0,13850.0,13860.0,191785.34800874
2026-04-23 09:00:00,13860.0,14030.0,13660.0,13960.0,141951.65406071
2026-04-24 09:00:00,13960.0,14080.0,13840.0,14010.0,134228.38125187
2026-04-25 09:00:00,13990.0,14140.0,13850.0,13980.0,98644.18693738
2026-04-26 09:00:00,13960.0,14150.0,13870.0,14040.0,121370.58165395
2026-04-27 09:00:00,14040.0,14150.0,13570.0,13830.0,231030.71021691
2026-04-28 09:00:00,13810.0,13810.0,13560.0,13620.0,121620.43751143
2026-04-29 09:00:00,13630.0,14010.0,13380.0,13650.0,197629.30632577
2026-04-30 09:00:00,13650.0,13780.0,13510.0,13570.0,105726.15555371
2026-05-01 09:00:00,13570.0,13720.0,13460.0,13500.0,162173.99473113
2026-05-02 09:00:00,13500.0,13680.0,13460.0,13610.0,101869.05211123
2026-05-03 09:00:00,13610.0,13630.0,13350.0,13480.0,153437.33439197
2026-05-04 09:00:00,13480.0,13830.0,13350.0,13630.0,343267.84247368
2026-05-05 09:00:00,13640.0,14080.0,13630.0,13900.0,194453.41082156
2026-05-06 09:00:00,13910.0,14310.0,13800.0,14120.0,256366.64146892
2026-05-07 09:00:00,14100.0,14240.0,13820.0,13990.0,239087.02508345
2026-05-08 09:00:00,13990.0,14740.0,13930.0,14610.0,326632.79591356
2026-05-09 09:00:00,14610.0,14930.0,14470.0,14680.0,258385.29140967
2026-05-10 09:00:00,14700.0,15360.0,14540.0,15000.0,514916.35388482
2026-05-11 09:00:00,15000.0,15100.0,14710.0,14900.0,477012.54207758
2026-05-12 09:00:00,14900.0,14990.0,14350.0,14570.0,326194.2304817
2026-05-13 09:00:00,14580.0,15000.0,14340.0,14500.0,385716.82011591
2026-05-14 09:00:00,14500.0,14930.0,14290.0,14640.0,256225.5356781
2026-05-15 09:00:00,14630.0,14760.0,14010.0,14200.0,295531.75856577
2026-05-16 09:00:00,14200.0,14250.0,13700.0,13870.0,213499.06204307
2026-05-17 09:00:00,13870.0,14030.0,13390.0,13710.0,149867.12348593
2026-05-18 09:00:00,13710.0,13780.0,13420.0,13710.0,246604.31345171
2026-05-19 09:00:00,13740.0,13850.0,13450.0,13570.0,124948.0587728
2026-05-20 09:00:00,13570.0,13930.0,13490.0,13800.0,129729.67652151
2026-05-21 09:00:00,13800.0,14120.0,13780.0,14030.0,143164.88857621
2026-05-22 09:00:00,14040.0,14310.0,13650.0,13730.0,235247.49931906
2026-05-23 09:00:00,13730.0,14290.0,13280.0,14060.0,276019.91446942
2026-05-24 09:00:00,14060.0,14120.0,13590.0,13800.0,110706.26201215
2026-05-25 09:00:00,13790.0,14130.0,13680.0,13830.0,104661.8784028
2026-05-26 09:00:00,13830.0,14030.0,13550.0,13560.0,160726.38964654
2026-05-27 09:00:00,13560.0,13680.0,13260.0,13330.0,198810.09259775
2026-05-28 09:00:00,13310.0,13390.0,12860.0,13170.0,243931.94561002
2026-05-29 09:00:00,13190.0,13320.0,12820.0,13080.0,171955.56660614
2026-05-30 09:00:00,13080.0,13410.0,13050.0,13250.0,141161.98149738
2026-05-31 09:00:00,13250.0,13430.0,13000.0,13240.0,140256.94788868
2026-06-01 09:00:00,13240.0,13380.0,12720.0,13030.0,247484.95636078
2026-06-02 09:00:00,13040.0,13040.0,11890.0,12080.0,394104.94564528
2026-06-03 09:00:00,12110.0,12400.0,11760.0,11930.0,326988.16911154
2026-06-04 09:00:00,11940.0,12040.0,11190.0,11520.0,499225.95897241
2026-06-05 09:00:00,11520.0,11540.0,10060.0,10250.0,685380.23845141
2026-06-06 09:00:00,10270.0,10550.0,9505.0,10130.0,519982.56364644
2026-06-07 09:00:00,10140.0,10520.0,9890.0,10270.0,363033.6259068
2026-06-08 09:00:00,10290.0,10350.0,9845.0,10140.0,355219.09356268
2026-06-09 09:00:00,10150.0,10170.0,9710.0,9970.0,354757.65017688
2026-06-10 09:00:00,9965.0,10010.0,9500.0,9620.0,321546.80197892
2026-06-11 09:00:00,9620.0,10140.0,9610.0,9985.0,283627.84900659
2026-06-12 09:00:00,9995.0,10090.0,9835.0,9915.0,174623.59963025
2026-06-13 09:00:00,9915.0,10220.0,9910.0,10160.0,194510.36138947
2026-06-14 09:00:00,10170.0,10250.0,9630.0,10250.0,229368.05496001
2026-06-15 09:00:00,10230.0,10620.0,10050.0,10270.0,497601.84826369
2026-06-16 09:00:00,10270.0,10590.0,10100.0,10330.0,364984.69421249
2026-06-17 09:00:00,10350.0,10550.0,10040.0,10210.0,288571.49527781
2026-06-18 09:00:00,10210.0,10240.0,9425.0,9540.0,714313.10386667
2026-06-19 09:00:00,9540.0,9565.0,8595.0,8920.0,1295086.40911828
2026-06-20 09:00:00,8920.0,9485.0,8825.0,9435.0,1194095.96236891
2026-06-21 09:00:00,9445.0,9605.0,9200.0,9205.0,392444.92103532
2026-06-22 09:00:00,9220.0,9725.0,9215.0,9415.0,272732.13081981
2026-06-23 09:00:00,9420.0,9850.0,9080.0,9775.0,425437.0632628
2026-06-24 09:00:00,9775.0,9855.0,9170.0,9765.0,312382.38094909
2026-06-25 09:00:00,9780.0,10060.0,9105.0,9470.0,401568.86544482
2026-06-26 09:00:00,9485.0,10060.0,9080.0,10060.0,344509.07386192
2026-06-27 09:00:00,10060.0,10120.0,9630.0,9750.0,224035.04803918
2026-06-28 09:00:00,9755.0,9835.0,9505.0,9770.0,125340.2545887
2026-06-29 09:00:00,9770.0,10330.0,9655.0,10090.0,307619.0360872
2026-06-30 09:00:00,10080.0,10130.0,9760.0,9960.0,171826.02733611
2026-07-01 09:00:00,9960.0,10310.0,9810.0,10130.0,125621.91185765
2026-07-02 09:00:00,10130.0,10400.0,10030.0,10270.0,294637.49296293
2026-07-03 09:00:00,10290.0,10570.0,10230.0,10470.0,134835.10453282
2026-07-04 09:00:00,10460.0,10710.0,10280.0,10520.0,205925.85243805
2026-07-05 09:00:00,10510.0,10520.0,10190.0,10400.0,118896.78066102
2026-07-06 09:00:00,10410.0,10630.0,10110.0,10400.0,162256.90601988
2026-07-07 09:00:00,10400.0,10430.0,9985.0,10030.0,131889.95783727
2026-07-08 09:00:00,10050.0,10050.0,9460.0,9660.0,218597.04178303
2026-07-09 09:00:00,9660.0,10160.0,9590.0,9980.0,181590.14578668
2026-07-10 09:00:00,9975.0,10190.0,9930.0,10050.0,128065.90934479
2026-07-11 09:00:00,10050.0,10110.0,9775.0,9785.0,181401.08809013
2026-07-12 09:00:00,9785.0,9790.0,9395.0,9555.0,266160.761361
2026-07-13 09:00:00,9555.0,9910.0,9440.0,9570.0,428049.69409662
2026-07-14 09:00:00,9570.0,9870.0,9495.0,9860.0,240794.35286025
2026-07-15 09:00:00,9860.0,9965.0,9715.0,9835.0,197483.56136791
2026-07-16 09:00:00,9845.0,9880.0,9550.0,9590.0,144893.96303318
2026-07-17 09:00:00,9585.0,9805.0,9440.0,9715.0,209923.58486532
2026-07-18 09:00:00,9715.0,9820.0,9635.0,9690.0,82527.06042769
2026-07-19 09:00:00,9690.0,9770.0,9415.0,9500.0,137021.91425376
2026-07-20 09:00:00,9500.0,9745.0,9460.0,9615.0,195866.34301179
2026-07-21 09:00:00,9620.0,9780.0,9535.0,9610.0,223812.33353658
2026-07-22 09:00:00,9595.0,9730.0,9470.0,9685.0,180497.0395549
2026-07-23 09:00:00,9680.0,9700.0,9105.0,9185.0,271252.73243361
2026-07-24 09:00:00,9185.0,9250.0,8975.0,9230.0,218847.86355371
2026-07-25 09:00:00,9220.0,10010.0,9120.0,9910.0,393794.98357575
2026-07-26 09:00:00,9920.0,9980.0,9710.0,9800.0,247501.95058835
2026-07-27 09:00:00,9800.0,9800.0,9320.0,9360.0,180217.02128698
2026-07-28 09:00:00,9360.0,9615.0,9285.0,9525.0,139269.31450552
2026-07-29 09:00:00,9530.0,9615.0,9050.0,9195.0,196843.21409855
2026-07-30 09:00:00,9185.0,9330.0,9085.0,9110.0,82070.47527793
2026-07-31 09:00:00,9120.0,9310.0,9095.0,9165.0,100069.43194991
2026-08-01 09:00:00,9170.0,9255.0,8745.0,8930.0,164613.86609276
2026-08-02 09:00:00,8930.0,9600.0,8920.0,9365.0,485917.27524107
2026-08-03 09:00:00,9365.0,9385.0,9100.0,9345.0,140054.2776012
2026-08-04 09:00:00,9360.0,9915.0,9345.0,9505.0,554081.59210802
2026-08-05 09:00:00,9505.0,9535.0,9305.0,9445.0,127234.44964225
2026-08-06 09:00:00,9460.0,9495.0,9025.0,9140.0,159080.87425561
2026-08-07 09:00:00,9125.0,9200.0,8955.0,9050.0,125782.42673501
2026-08-08 09:00:00,9035.0,9270.0,9035.0,9120.0,88647.9837526
2026-08-09 09:00:00,9120.0,9245.0,8975.0,9015.0,92938.73302721
2026-08-10 09:00:00,9020.0,9255.0,8960.0,9090.0,93953.10522826
2026-08-11 09:00:00,9090.0,9230.0,8635.0,8915.0,274727.49949011
2026-08-12 09:00:00,8915.0,9215.0,8755.0,8925.0,282697.09786675
2026-08-13 09:00:00,8925.0,9245.0,8925.0,9105.0,198171.76599723
2026-08-14 09:00:00,9105.0,9185.0,8955.0,9150.0,103587.92476138
2026-08-15 09:00:00,9160.0,9715.0,8925.0,8965.0,413663.77378055
2026-08-16 09:00:00,8965.0,9100.0,8810.0,8980.0,217280.78391678
2026-08-17 09:00:00,8980.0,9035.0,8880.0,8950.0,189056.67565988
2026-08-18 09:00:00,8960.0,9080.0,8785.0,8900.0,142288.59089479
2026-08-19 09:00:00,8900.0,9395.0,8745.0,9320.0,395534.27322107
2026-08-20 09:00:00,9315.0,10060.0,9220.0,10040.0,459218.62079277
2026-08-21 09:00:00,10030.0,10820.0,9925.0,10750.0,1114820.69069816
2026-08-22 09:00:00,10750.0,11440.0,9640.0,10270.0,1333724.68282752
2026-08-23 09:00:00,10270.0,10520.0,10000.0,10460.0,466718.68985957
2026-08-24 09:00:00,10450.0,10500.0,10150.0,10370.0,335317.06140209
2026-08-25 09:00:00,10370.0,10630.0,10100.0,10190.0,395131.18815008
2026-08-26 09:00:00,10190.0,10380.0,9965.0,10340.0,310373.36040817
2026-08-27 09:00:00,10340.0,10460.0,10120.0,10420.0,260857.998831
2026-08-28 09:00:00,10420.0,10500.0,10020.0,10140.0,297953.71277996
2026-08-29 09:00:00,10130.0,10240.0,10030.0,10190.0,113321.35140884
2026-08-30 09:00:00,10200.0,10370.0,9790.0,9900.0,241432.46675026
2026-08-31 09:00:00,9895.0,10020.0,9825.0,9965.0,228183.94384043
2026-09-01 09:00:00,9960.0,10150.0,9910.0,9980.0,270819.51031364
2026-09-02 09:00:00,9980.0,10010.0,9675.0,9895.0,251449.76046197
2026-09-03 09:00:00,9910.0,10320.0,9820.0,10250.0,410997.60960896
2026-09-04 09:00:00,10270.0,10300.0,9990.0,10120.0,289592.13661881
2026-09-05 09:00:00,10120.0,10440.0,10110.0,10370.0,212822.4388446
2026-09-06 09:00:00,10370.0,10830.0,10280.0,10790.0,436366.80682236
2026-09-07 09:00:00,10790.0,11180.0,10540.0,10990.0,527123.67211774
2026-09-08 09:00:00,10980.0,11140.0,10650.0,10850.0,313408.73039755
2026-09-09 09:00:00,10870.0,10930.0,10460.0,10600.0,261496.91303355
2026-09-10 09:00:00,10600.0,10670.0,10150.0,10160.0,271542.11016521
2026-09-11 09:00:00,10150.0,10640.0,9960.0,10170.0,404581.14087584
2026-09-12 09:00:00,10160.0,10210.0,10020.0,10070.0,138658.8963024
2026-09-13 09:00:00,10070.0,10140.0,9895.0,9930.0,223041.07855519
2026-09-14 09:00:00,9925.0,10510.0,9895.0,10220.0,290039.17316903
2026-09-15 09:00:00,10230.0,10350.0,9795.0,9910.0,324464.31267994
2026-09-16 09:00:00,9900.0,10320.0,9810.0,10280.0,235964.9474655
2026-09-17 09:00:00,10310.0,10550.0,10290.0,10490.0,342818.01694172
2026-09-18 09:00:00,10500.0,11380.0,10450.0,11200.0,751198.92563066
2026-09-19 09:00:00,11230.0,13880.0,11210.0,13770.0,2270465.61046434
2026-09-20 09:00:00,13760.0,15660.0,12850.0,15450.0,3639868.42323939
2026-09-21 09:00:00,15460.0,16110.0,14530.0,15170.0,1952283.36936982
2026-09-22 09:00:00,15180.0,15240.0,14160.0,15160.0,915056.77295312
2026-09-23 09:00:00,15170.0,15240.0,13810.0,14160.0,929836.37062591
2026-09-24 09:00:00,14150.0,14610.0,13840.0,14210.0,477548.07719997
2026-09-25 09:00:00,14180.0,15100.0,14040.0,14690.0,595880.7486729
2026-09-26 09:00:00,14690.0,15900.0,14590.0,15130.0,760934.26556968
2026-09-27 09:00:00,15120.0,15550.0,14680.0,15040.0,420446.24225825
2026-09-28 09:00:00,15040.0,15100.0,13820.0,14410.0,877504.94643764
2026-09-29 09:00:00,14400.0,16270.0,14030.0,15540.0,2151459.02493938
2026-09-30 09:00:00,15530.0,15670.0,14800.0,14910.0,862780.47979868
2026-10-01 09:00:00,14910.0,15240.0,14650.0,14970.0,602800.58199421
2026-10-02 09:00:00,14980.0,15220.0,14260.0,14710.0,672192.50147094
2026-10-03 09:00:00,14700.0,15250.0,14650.0,15100.0,283329.9619345
2026-10-04 09:00:00,15100.0,15150.0,14860.0,15020.0,192384.47888823
2026-10-05 09:00:00,15010.0,15100.0,14640.0,15050.0,382262.24430889
2026-10-06 09:00:00,15060.0,15910.0,15030.0,15730.0,931142.93490465
2026-10-07 09:00:00,15710.0,15790.0,14900.0,15180.0,921384.34497562
2026-10-08 09:00:00,15170.0,15220.0,13470.0,13860.0,836988.76973898
2026-10-09 09:00:00,13860.0,14360.0,13780.0,14130.0,440939.31093598
2026-10-10 09:00:00,14130.0,14530.0,14060.0,14130.0,306727.7042615
